12.5742	27.0106	13.3233
17.6694	27.9147	20.8491
0.41791	3.10434	10.7286
3.71053	27.8859	4.33502
31.1408	4.43569	12.2478
6.67863	31.3098	13.7341
21.4227	35.3084	3.40431
21.2352	3.10771	29.728
14.3499	34.0002	25.2077
12.9203	11.9252	32.8425
1.27275	20.8536	34.9874
25.0711	30.9213	16.7136
4.82165	21.7234	7.58898
19.5288	17.9886	25.4803
3.95885	9.00793	28.1021
8.71336	31.1265	2.40517
19.1274	12.9993	30.7318
30.7687	7.1637	6.50501
11.7573	6.77483	21.2149
4.94981	1.06184	2.41594
31.7157	30.6024	27.563
29.2584	31.027	22.967
15.7206	3.8761	1.01194
16.5439	34.2432	3.93002
17.1771	8.61612	29.5998
32.2655	20.2101	33.6606
17.2729	22.8422	10.2572
30.7606	18.4113	17.0456
19.1742	5.72183	14.616
0.944675	20.2577	22.9556
22.0705	13.865	30.6961
28.6385	23.7898	21.6365
21.2413	10.0201	6.13766
14.4813	13.1632	25.5165
18.7426	7.10105	24.7769
17.9399	16.4055	17.0428
17.5533	3.8676	18.5965
11.4562	18.5714	10.7896
0.264088	18.112	4.6483
27.4606	20.7712	6.46277
24.8669	16.1381	14.309
14.5334	13.8163	11.0537
18.7477	26.4023	2.47227
8.30842	10.2547	10.145
11.0671	18.4796	31.2483
25.3881	18.6066	24.3302
21.779	10.1649	21.2248
21.1434	2.31674	23.6223
8.24664	4.1702	19.8827
13.15	2.92827	17.409
18.5694	25.2856	32.4118
33.5542	32.9869	17.8507
29.8295	11.8857	5.00207
7.56132	30.915	5.25029
16.7749	25.1263	13.7692
7.84097	22.1469	6.64726
14.3045	6.56197	2.03348
17.8366	26.9638	6.55718
26.6152	7.31489	23.5122
4.46919	16.5703	33.5678
3.13017	28.8617	32.9519
8.20222	6.32154	12.6501
14.3694	30.082	4.4554
0.892063	13.7414	31.5977
29.9795	20.6052	8.08294
13.2743	17.6636	19.5049
29.6626	22.7397	1.38281
25.9746	11.9824	8.52608
22.806	8.10653	8.18467
32.6336	19.65	25.108
33.8458	26.9055	25.653
33.5357	5.3248	1.86254
13.1252	28.6541	8.88331
18.3462	31.7291	31.0423
20.6872	5.91243	29.2612
32.1117	0.597238	20.7435
31.893	8.78519	16.0701
23.234	1.71051	27.7599
19.1828	14.7648	5.31779
29.3781	24.691	31.9255
7.11173	0.541884	16.3559
34.8674	4.66645	14.6313
13.7647	5.13915	9.66187
25.5346	27.8969	8.3849
26.9954	21.1314	0.673947
34.349	19.2925	0.140073
22.0401	9.1883	12.8924
7.70472	16.9141	25.5114
26.1355	3.35045	21.5245
3.42615	16.8249	28.889
27.1356	23.821	5.99863
22.1253	29.4583	12.4708
24.4891	17.4654	3.58773
7.78401	26.426	31.135
29.0393	1.65538	29.4367
26.3971	35.0975	5.33471
2.37542	22.5486	19.3408
24.8422	31.3596	2.17156
24.0525	22.0134	0.893522
16.4565	25.8577	10.7703
14.6146	3.63028	14.6752
24.2702	2.81555	2.83987
19.5234	5.6169	3.03541
13.5253	25.7064	31.6319
23.1402	34.1582	23.414
11.5654	16.5881	13.3069
4.75119	35.2949	21.9609
32.7476	3.87915	16.6498
2.41488	1.43024	27.6227
7.46268	0.089127	0.888115
25.0693	17.4036	29.2143
30.0179	17.7837	22.095
13.4509	26.094	10.6674
5.84388	16.2106	21.5434
1.30358	19.7934	19.8286
2.68713	28.5734	13.6517
2.40012	34.5022	29.5029
6.70045	8.19622	5.20801
31.5376	32.1451	35.4628
29.8864	15.8331	26.3387
13.7454	20.2758	18.4587
23.7856	1.98129	10.146
27.29	17.6844	11.3084
3.13614	26.6379	8.92287
21.8008	32.2496	2.67476
25.9124	5.5462	13.666
21.8576	4.23344	11.3521
21.0361	26.9172	33.5575
4.5024	25.8431	1.99358
3.88111	9.10112	3.9727
10.8557	31.0705	16.2924
19.2023	1.06485	13.5952
8.06445	31.1391	17.6306
5.52404	7.37672	22.2142
24.0573	7.72536	34.836
16.0265	17.7864	21.0124
22.5086	10.5892	26.155
0.951574	5.36548	5.53815
10.5468	18.3713	20.9697
28.3643	11.3466	31.3172
26.8073	32.3369	14.6272
6.47838	13.4389	27.9478
5.31675	9.44165	16.9818
22.2357	2.32575	7.47595
3.5413	12.3264	30.7694
31.5806	13.1358	30.9618
12.0009	2.23476	32.2078
23.762	10.6416	18.8948
0.29966	1.14601	25.5694
31.8311	22.5488	6.50089
33.6595	26.4142	31.9854
28.7529	33.8426	16.2631
30.0992	20.4495	29.2278
29.1816	17.8001	8.95085
28.3728	33.3741	24.8199
18.9835	14.1406	26.1866
9.46068	34.285	26.1009
2.70682	18.1875	31.6483
14.5165	31.5322	12.9947
24.9509	8.50632	13.8412
25.612	19.7492	27.3394
34.2457	16.6376	20.6324
19.5793	30.9337	15.6614
5.00278	13.65	32.8011
23.6104	24.8581	2.10014
19.8105	30.8021	24.6812
32.8666	9.84469	26.0587
10.8174	12.9039	18.5698
15.1512	10.7509	29.1555
12.9029	23.078	7.03791
1.58977	30.4199	21.3803
24.8541	19.9718	8.1306
20.8538	32.3739	22.3038
8.75776	25.3942	33.8587
27.2216	0.609093	21.9839
0.833423	31.7896	29.0694
10.7297	17.4627	16.1454
19.5572	24.6817	29.5553
3.39743	21.8382	4.84067
13.7298	18.2888	4.7024
20.7521	12.7881	15.067
16.639	29.1982	30.0277
17.3283	21.2121	2.83014
11.2173	2.70775	23.9141
9.53705	22.438	28.6655
1.02397	2.7292	13.4672
11.922	12.2608	21.1478
3.19122	11.9944	34.8764
25.7774	28.9808	4.03746
6.25138	33.1971	16.1095
7.04786	26.6973	0.398119
30.5646	1.74483	16.5425
19.7434	11.2463	26.307
30.7418	9.61121	35.3229
32.2777	30.6844	22.0454
23.0846	4.93133	34.8209
7.6827	17.653	15.6787
2.12116	31.3476	14.5981
28.9741	0.713828	34.4936
14.8302	33.9791	6.57008
18.4696	27.2476	28.2401
23.4621	27.6637	14.5314
5.7612	28.407	14.2387
29.2498	24.9211	10.7251
33.5598	15.4157	17.9352
32.2306	9.9314	5.79859
19.8379	24.4171	13.3485
2.34466	1.95653	8.7032
2.27214	17.632	18.1223
27.4354	21.8917	28.7331
2.37546	9.57157	30.6085
14.9145	16.7412	34.4729
6.74226	10.3585	28.5922
10.871	10.3348	17.0552
10.8934	21.4922	11.8278
35.067	9.98588	30.0549
29.0653	25.7509	2.16184
18.6214	34.3532	21.4417
2.45787	31.1837	7.60015
28.0095	9.93916	33.8984
7.76132	12.7365	32.6272
23.0804	21.5628	6.06955
15.9627	16.0638	1.50633
13.0092	10.998	7.54768
18.2971	0.906954	33.282
23.9555	13.2854	6.47258
23.2765	0.748099	19.0369
29.8342	3.52218	33.8728
26.3367	18.409	15.5674
31.592	33.9581	4.77483
6.96909	0.062549	32.0618
19.6376	24.9462	5.07287
31.2581	29.1755	34.4392
22.2257	26.1063	6.4937
31.2342	27.1104	9.81527
32.4672	4.75007	34.6947
20.3211	22.6681	35.5713
1.60458	10.7664	5.19191
13.2246	14.1814	8.19348
21.668	0.116713	25.5154
22.5234	0.883976	1.07187
24.5731	13.4445	35.2081
29.6376	2.87502	3.7935
29.8051	24.8019	16.4367
12.2077	5.79474	18.2711
18.242	7.28713	10.2088
9.68449	26.1556	4.48731
8.12014	16.6529	19.8485
35.6259	5.47308	27.3843
11.3982	25.8927	18.1662
24.7503	32.2989	27.8303
3.13532	21.0568	32.3803
22.1756	25.2808	9.52944
15.4482	3.27152	5.80372
18.7379	15.1907	0.197883
29.1602	10.3025	15.5988
7.94178	33.6719	34.319
21.5011	30.9334	5.42071
30.9367	5.18629	23.3158
19.7542	8.19567	34.0351
8.35434	5.14317	9.82613
11.6702	26.9263	24.637
0.977391	10.1333	8.14595
9.96854	35.5187	23.2383
12.0886	27.3785	0.740501
22.0525	25.0411	23.5882
18.6966	19.4941	17.491
34.7839	22.1104	7.40853
16.7265	14.6947	24.398
1.72154	9.09713	13.7188
7.72155	9.85495	31.6019
34.9511	16.4114	35.0393
6.37233	17.8998	28.1693
32.0028	7.32609	13.2178
35.5304	7.19947	7.76711
10.5814	18.1899	26.1686
1.41922	22.8646	11.5793
5.20031	14.1243	5.9363
11.7272	6.13017	0.205654
8.8332	25.8607	24.2316
8.30552	13.4702	10.2681
15.381	15.0053	16.1859
31.5573	17.2794	4.10079
10.6405	9.41343	21.8666
27.4371	33.4989	7.89059
1.13802	22.1427	30.6245
9.94885	31.237	26.8808
4.00211	3.00519	13.8249
25.0828	25.3419	13.5148
29.4217	4.40547	30.9317
31.1461	5.69302	3.77156
8.14735	26.4913	7.25439
6.53522	31.6685	0.181611
21.2108	20.4747	10.3511
15.2351	34.9047	28.0112
33.8768	19.2256	22.4286
28.2896	16.5058	35.5228
0.22642	11.5302	14.8339
13.2181	1.0715	6.32016
25.7241	15.7081	23.2232
2.11139	13.2198	23.1123
7.89957	20.6074	33.7994
19.4085	28.0007	16.8423
4.55817	7.31096	34.8925
15.1513	2.26034	27.5982
2.18341	9.58007	25.7597
1.22413	23.32	23.4542
32.7755	4.1906	27.507
32.0256	11.5257	10.8044
18.9493	16.2064	11.4138
9.1971	17.519	8.85642
27.2426	24.145	26.7794
35.2046	8.01957	1.47581
3.49178	32.3049	17.0879
21.0934	24.051	18.4103
12.5541	5.76174	28.2156
32.723	29.3695	14.7408
13.5203	7.7811	25.9372
8.40335	16.2392	0.448143
3.9231	18.6761	13.9181
3.71557	34.1949	11.0437
30.5555	32.0268	17.8197
17.4677	9.42695	12.4122
15.2889	9.40162	1.21041
11.1278	1.27627	8.64702
17.522	10.3481	3.17617
1.41388	26.7877	18.2648
20.6778	34.329	12.1022
33.5043	19.3978	3.11665
22.5175	21.6733	33.8192
34.6338	14.3147	7.17104
25.229	26.7856	19.5447
25.1415	20.6905	13.8733
19.7951	35.4427	16.1991
14.2946	6.42934	23.1191
21.1344	8.18407	31.168
27.8783	28.7205	6.39743
9.31473	5.85158	17.401
21.3714	7.14173	10.7123
14.9019	12.4517	20.1896
15.0107	1.07692	10.516
17.2947	18.4316	33.3929
23.0663	13.1262	17.2703
6.42048	23.9144	11.2391
14.538	9.03871	13.4079
2.96984	3.58356	18.6967
28.7682	0.457129	8.87906
32.7326	28.6608	19.589
16.3726	7.5206	20.9775
26.019	4.349	6.7968
16.1906	26.1718	18.6642
8.34263	26.0549	18.8826
20.1144	17.9301	9.11153
27.1975	20.186	33.2706
26.9769	35.6276	30.8581
35.2331	23.1401	16.4265
13.9077	29.5158	28.3678
21.7085	12.0915	12.0957
18.851	10.792	16.7219
28.1967	19.6438	23.9856
9.89494	21.5068	21.0983
10.23	12.4881	25.1337
14.244	29.1235	14.9192
9.70295	6.71648	29.0473
29.3573	35.1676	20.3551
25.6367	14.3575	28.2696
19.3832	0.832886	7.77438
23.1634	27.3436	25.3338
17.5233	17.5992	30.492
12.1706	1.90033	11.5118
28.0487	4.93491	11.3623
3.60057	4.16567	6.71163
1.60002	18.1391	9.83784
30.5913	0.968454	1.44451
34.0706	13.3828	35.4436
13.5771	22.3964	25.7441
10.2957	22.594	33.8513
8.72641	6.89676	0.066221
27.1466	18.3531	2.15121
5.23142	4.69117	20.5888
15.2529	33.7654	9.62188
1.68414	21.1418	27.6758
0.4511	29.9537	34.0153
23.2771	3.72081	14.0258
30.4597	19.8236	19.8873
14.2437	35.249	20.141
16.7519	30.6466	23.8112
9.63246	25.6554	28.7886
9.27018	0.366374	3.49763
5.68899	21.5723	23.8046
26.8661	22.8084	31.4961
0.961094	6.08685	10.4577
29.8933	19.0144	26.3734
26.8607	12.7763	13.096
7.62506	5.25076	4.77548
27.8222	28.2601	14.5124
23.1357	17.3481	8.69071
5.64953	18.3861	23.5649
30.555	0.98118	6.19705
28.8008	13.1333	20.0047
12.4152	32.0061	5.924
27.324	14.4347	25.545
28.0206	28.7207	30.0394
28.7936	5.92825	18.4761
0.442206	25.1647	30.7396
12.7657	7.21316	4.70536
29.7628	18.2878	33.4517
10.9441	9.43985	24.9351
9.41845	14.774	4.90305
14.1342	3.26804	22.853
30.0188	33.6162	2.21449
22.9082	30.0562	28.8003
27.5393	14.1851	30.6503
33.9687	13.1529	2.88185
11.7445	0.267894	18.2327
12.0473	22.4936	0.821489
24.45	1.04873	14.6005
20.4059	20.1432	27.5715
13.1323	14.5653	28.0689
16.3859	30.7466	20.9313
8.4624	23.8936	8.90184
1.31543	18.0727	26.8566
26.8169	33.8474	2.42356
33.9757	2.71461	19.24
7.66471	9.34624	20.8329
24.9055	23.1678	15.6389
11.5667	31.2791	29.5869
22.2407	17.2084	15.7578
17.8974	13.0598	33.6808
27.9121	7.26011	26.3966
15.4566	18.698	28.5419
31.8323	6.43278	18.1596
13.2027	2.02288	1.33028
27.8057	16.1063	6.71883
32.5817	8.22464	30.5811
2.89648	27.7309	28.0357
3.45592	14.06	1.32685
4.50648	1.45699	11.0654
5.18897	5.72939	13.4957
11.8594	20.5172	5.59891
4.03441	19.6709	16.8639
32.9271	21.6197	20.6012
24.4888	16.2203	11.1641
3.8324	33.6447	7.9731
24.546	13.1666	11.0476
0.979629	26.7068	15.1985
19.8878	33.6135	9.06942
9.45597	1.29212	30.5061
34.0092	5.79741	20.1496
29.0419	26.3932	25.686
33.33	1.6612	7.59514
0.670811	33.0707	22.156
3.62713	7.34355	15.5776
33.5227	19.0404	16.2255
7.33918	6.35472	24.609
23.2965	6.2377	27.5847
9.6002	4.29908	14.6874
31.2229	2.04253	23.4607
0.328407	11.6305	33.835
33.4973	31.647	30.0122
34.2715	33.3049	0.701492
14.3224	18.7514	9.37595
17.2031	3.86843	29.0145
14.729	9.44054	33.71
22.5457	6.19634	18.2168
10.0846	14.734	7.90188
22.9003	20.1263	3.24998
26.9925	7.90037	3.35827
35.0979	2.65747	2.22531
7.36445	12.8533	4.11578
0.257155	7.59709	18.4017
27.9576	2.78569	26.9152
25.9563	8.83096	8.16426
6.0782	21.6178	31.5054
1.64855	4.38714	32.1872
24.2911	34.9312	29.4385
0.621435	31.2622	5.0058
22.3116	33.3556	7.14305
28.47	0.851462	24.5476
1.1308	34.8942	7.53031
23.1937	20.0653	22.6083
5.61049	14.8697	11.0001
13.552	29.3211	20.4933
33.715	26.5221	13.9324
0.110213	0.243308	15.0579
4.21727	2.63896	22.8024
28.6089	13.2048	7.46586
6.92555	28.1738	17.1116
33.3869	29.9798	24.9515
8.70047	22.6892	23.8255
13.6102	20.1646	35.375
7.18539	29.7931	26.8058
26.2983	34.9966	12.9868
15.8631	12.0365	17.1213
27.0278	11.7278	0.513387
12.9989	34.0867	29.7995
12.0982	4.55559	13.0898
18.661	4.17691	23.5338
30.2643	33.7938	33.154
24.5854	32.6082	8.95383
28.0397	7.98009	10.4256
14.6856	15.9642	13.2646
8.25284	8.63331	17.8164
24.5659	29.6863	20.7
1.4537	19.871	12.45
33.7892	17.8779	30.1368
4.26562	27.6869	18.812
5.00094	17.251	5.85784
25.0949	3.88549	26.5242
28.7701	18.3717	4.72202
26.7395	10.8286	19.9563
32.8319	35.3359	15.8404
33.2601	22.4977	26.1011
8.31648	14.3419	29.9733
1.37488	12.6134	26.1121
8.56737	9.3492	13.1318
1.5403	33.9534	24.9441
23.4616	28.6565	6.07811
12.5426	7.20533	32.9892
26.69	24.9788	8.94977
13.4853	4.78072	31.0731
6.56544	13.9156	1.26725
7.38189	17.4582	33.6427
11.336	24.9832	15.3578
3.97677	5.02652	1.16177
14.6085	14.0918	3.60845
11.7114	30.0687	24.6004
6.1392	31.1577	29.5172
18.5522	22.6462	27.2998
30.3206	13.9206	9.89589
17.8006	3.82249	34.3358
21.8617	7.64823	25.2822
30.6597	10.4692	29.5425
34.2939	13.0495	29.8496
34.309	29.8868	6.9383
29.5378	13.7936	0.59173
26.7187	2.26069	4.46623
8.46358	0.167565	8.68292
20.1858	5.5135	35.6271
0.990957	35.5577	4.6658
4.44724	18.6934	8.56407
0.47258	31.2079	25.9997
27.8418	28.2826	23.4054
10.4916	32.7764	11.425
25.9934	27.7831	34.3628
34.9461	7.27346	12.8862
17.5358	33.2253	16.2623
5.70662	2.65772	33.4534
18.5839	29.9175	5.89471
1.47257	5.44143	16.6548
0.871956	23.5306	5.25655
25.7879	17.4145	18.5774
12.4711	28.8343	17.5846
7.24394	7.16439	33.1926
2.02204	6.76244	2.96921
5.96932	10.4146	14.1833
4.92058	2.04634	25.8547
11.4046	23.829	9.72983
16.9462	2.53615	8.45848
8.05732	22.1063	13.2276
23.9225	22.5679	24.2406
14.7094	6.12769	6.79967
24.3088	30.1391	34.9607
23.6776	34.6591	11.2255
30.828	17.8789	30.8055
33.2616	25.0856	34.7066
7.73429	27.3288	21.7276
2.34886	12.9621	18.1738
19.768	2.03364	18.1074
26.1588	1.78129	34.7584
21.2516	15.8711	21.1631
35.1786	30.8227	16.2171
11.3838	27.1323	33.4061
35.3277	25.8419	23.1359
5.37329	30.6388	24.316
34.059	34.4796	8.91433
13.1638	34.9971	32.798
1.29589	15.0515	9.15172
24.8761	34.6399	20.911
6.10655	4.89819	31.3756
18.5139	27.7699	9.49219
20.6894	1.04475	20.7612
29.6083	2.73678	13.9209
21.0191	25.6229	0.697613
23.6169	14.804	2.11442
31.5785	25.3481	29.8042
10.6749	21.3491	25.9636
6.43747	4.46182	26.946
14.955	21.8459	23.055
5.99715	20.7732	0.566681
9.50604	5.09277	22.6693
3.69397	15.5204	19.4591
0.138511	26.3702	27.8912
17.1108	10.6198	21.3901
22.5836	2.96811	32.3739
4.44919	22.3039	26.6438
16.2244	27.6278	23.4841
19.5445	13.3383	10.1177
11.004	0.247665	28.2365
23.6296	12.0377	28.7285
6.67178	18.9863	18.2653
15.3285	18.9931	2.03623
2.17281	27.6546	22.8844
20.1601	21.3836	13.1645
33.7348	12.8248	13.1039
16.456	5.64442	16.2246
10.7398	4.95967	5.38866
3.32764	19.4913	0.915996
25.6722	7.5184	28.6433
24.2701	24.3318	5.11411
23.1557	21.8808	17.8205
1.24745	33.7697	12.9401
10.1804	21.0216	2.9223
4.17833	9.31197	11.8655
23.3369	0.230785	5.62966
6.63817	20.9976	28.5005
6.37223	12.2499	20.4473
15.609	21.8292	28.0634
19.9108	11.2242	34.8106
22.9369	5.26465	6.77983
34.4376	23.8172	2.88532
21.293	0.575052	33.8173
25.8058	4.27412	0.807665
7.8535	17.4762	4.85327
10.444	8.70997	31.1858
15.4318	21.4478	8.03552
34.1819	20.7608	31.1554
6.1251	9.0163	8.11767
4.80079	26.3552	21.6213
30.7194	34.2111	13.8028
29.9521	15.4016	29.3862
27.7219	21.4441	19.7529
18.7958	1.32857	30.1346
1.16783	27.967	10.9494
17.1195	8.02394	32.5158
32.3764	34.509	30.9796
19.6999	15.717	14.5166
16.1514	29.1765	35.1013
31.7213	31.5018	12.5577
10.8346	33.2964	3.46958
28.2993	5.56439	21.5954
17.5166	20.287	5.874
11.0517	20.5212	16.9414
1.58327	26.5171	6.13929
8.2967	23.4516	3.85371
19.698	10.2656	29.2616
2.71917	13.4439	4.25121
31.7005	16.6109	9.5762
32.7017	6.80398	8.82916
6.90801	14.8312	15.3848
23.9026	3.69541	23.6649
13.6696	24.8079	19.993
2.56523	13.3711	15.1965
35.639	16.8007	16.2948
12.7864	25.6624	5.1913
20.5513	14.2856	2.61306
5.58773	2.82038	4.83781
22.4151	12.3014	33.2746
31.0634	14.2155	3.35183
33.4893	0.714329	0.253916
12.0743	17.996	34.1814
27.6065	6.99047	6.22987
29.2427	26.0382	5.2752
35.3116	8.64086	34.0235
5.04439	13.2258	13.6408
18.9575	14.5256	19.4483
3.77891	34.3132	3.75754
28.3875	5.63241	35.5378
28.3079	25.5227	13.6584
8.05725	2.78542	35.4858
3.45103	13.7678	28.1162
30.0506	27.503	18.2297
14.833	34.9963	1.37592
32.4173	7.64306	33.5587
10.6111	30.1287	32.4161
16.9792	31.3487	3.58963
33.5916	29.4684	32.2546
20.407	18.597	22.5402
27.1212	30.1666	12.4928
19.5667	11.5448	19.5646
35.3455	2.46898	5.21656
4.13175	30.6551	19.7602
12.1018	15.9162	3.63097
5.58217	34.2548	29.5929
15.9759	34.7129	34.3296
7.29327	26.6122	26.8489
21.4438	7.26021	20.7765
32.2456	32.2755	7.37189
22.9283	14.4905	23.3179
16.4731	27.3539	16.0289
31.7401	25.5803	7.04284
14.9421	34.0299	14.6555
20.9626	13.0039	7.25671
34.4121	32.7092	11.3023
11.6973	10.2447	4.74301
13.2869	11.5376	2.33718
19.0107	3.85542	12.1827
17.3397	7.85214	7.22659
21.9268	18.7213	32.8757
1.51009	35.2345	32.5066
24.9479	32.8842	33.9094
1.78625	9.0248	20.5354
16.5742	33.3734	19.277
22.4176	25.891	20.5335
5.73683	29.0401	34.4645
24.9375	29.4213	23.7789
8.84676	1.23647	18.837
19.5	33.59	26.1769
22.8349	34.0957	32.0448
18.2951	19.8478	20.5417
14.8338	27.7781	6.42972
22.3092	31.8426	16.8347
29.7133	29.8142	10.7029
33.9872	26.9703	2.86469
33.5544	33.4023	20.9355
21.6035	15.5802	25.9749
32.3501	5.21563	30.3044
17.5289	23.1904	34.5896
7.54662	29.5097	31.8671
10.1725	28.5132	8.64368
22.5728	23.8414	29.0143
12.1065	10.8922	29.9431
16.4402	2.17152	24.6972
0.039562	24.3427	19.2616
30.9469	8.56989	10.749
19.1112	23.9443	24.4848
27.2562	10.8916	3.51406
27.3645	31.7387	29.5789
19.6747	8.80493	14.6272
19.9555	22.2312	6.21833
19.773	31.5382	12.7264
20.4182	18.4819	30.0508
16.741	12.67	5.26324
26.8179	7.24034	33.3924
4.17773	1.47685	16.5879
31.7441	15.2232	13.5783
21.8506	30.9529	19.7583
12.6087	7.25204	11.6189
12.7265	32.8027	1.10362
5.36843	22.9986	2.68535
28.8226	27.7085	32.928
29.9996	29.5553	16.0897
32.5741	22.4599	29.0775
25.4105	32.4084	24.7505
2.19489	25.8077	35.5178
26.1296	26.7966	1.71257
14.2797	22.6956	30.7525
4.40192	29.3852	8.8386
5.81893	33.4625	5.82065
25.5233	2.60448	31.8922
27.5433	8.73539	17.7926
3.97393	6.50181	10.8892
33.4218	25.8722	20.7854
13.8425	25.3573	26.2693
26.4926	5.42645	30.8171
16.5013	5.06955	31.761
18.0928	29.194	1.69752
2.02804	34.9382	17.2572
11.3939	21.6417	31.0679
18.0778	6.43556	27.7325
16.9476	25.9366	25.8234
12.6999	34.2165	22.6302
20.8697	28.7601	26.8409
24.1873	20.5997	10.9811
17.9328	17.2741	6.84243
18.0234	23.7727	19.0061
23.0391	21.4115	27.0775
12.309	14.2158	23.622
35.3202	8.49494	27.3
34.2209	3.91136	32.5062
12.1609	33.9268	15.8795
32.9241	16.8964	6.9086
5.65037	5.86658	8.4685
11.058	32.8745	34.0605
21.1855	25.7366	15.7322
22.4597	5.01492	3.75777
0.136731	23.5946	0.156918
27.6224	9.91865	12.9347
7.41758	26.4971	12.473
2.00341	23.933	14.5194
18.1971	30.8139	8.79811
21.487	31.3243	31.3101
3.24847	30.0062	30.1247
15.2675	13.6888	29.8539
0.936074	1.94693	20.4598
23.5658	11.3775	23.5037
24.5622	23.7367	10.8008
24.9117	20.1926	19.926
16.8735	11.7429	10.4213
6.9011	19.1932	13.1166
26.6993	2.77337	9.47091
0.472966	28.2617	0.878108
23.9433	23.5832	31.832
13.5448	26.6645	22.2942
8.4193	21.5172	18.4783
29.8632	9.7819	26.5936
34.9508	12.7726	18.8621
27.1271	22.6091	24.0139
6.71497	23.945	17.469
8.29086	24.6338	14.9315
34.5761	10.1143	3.7538
31.8805	22.0913	3.48513
28.824	15.0688	12.2227
3.80065	23.7236	9.83184
4.58425	33.6797	24.7191
3.64791	32.5401	1.14125
31.6823	26.9652	0.983296
8.26411	17.2836	30.6698
6.4861	35.1992	26.7215
4.65921	6.05062	28.9496
12.7129	26.5965	28.7164
31.6428	24.0073	22.0471
15.227	10.3602	26.1556
34.1805	27.1138	6.03904
17.6189	14.9273	28.8037
24.63	12.2749	3.75147
18.1452	34.1017	28.9166
25.9022	32.0761	19.4665
24.6969	16.1848	6.42436
5.3978	24.5749	30.7744
11.0199	4.28224	8.42126
34.5022	10.1518	17.2043
28.8493	32.1628	20.1972
25.7401	27.9689	16.6926
12.0801	17.3736	23.5283
19.8891	18.0739	35.103
24.2954	3.78882	19.0533
33.8215	11.4067	8.18143
30.9999	23.0285	34.1365
7.10183	4.7956	1.73402
16.0729	1.05981	13.4475
17.7606	9.87597	24.2954
29.489	32.8893	27.7132
8.21904	3.91304	29.2653
2.38864	30.0698	2.65138
6.73793	30.2725	21.5274
15.3384	22.5279	14.6965
26.2599	15.3306	33.3488
21.5219	29.7027	33.9787
25.0185	18.0172	32.3179
13.0464	31.5243	10.2981
31.3624	12.5576	34.1082
9.27273	19.444	6.5875
8.44374	8.46912	26.6767
1.04299	3.12598	23.1723
28.7952	11.8838	24.4772
28.7549	13.2218	16.864
8.65069	10.1067	3.89385
10.4992	11.5087	14.2232
14.8857	16.6284	7.1035
22.9479	16.0532	18.5204
2.6102	18.065	24.0078
7.93858	13.9553	18.228
13.7345	29.8147	1.4739
18.9702	8.16763	4.78764
16.3315	18.005	11.7426
31.6103	24.7726	25.0758
17.7313	22.7355	21.8649
0.208034	14.9857	4.40576
3.99926	13.9231	8.69279
32.1391	15.4032	22.5017
35.6185	29.4743	18.8679
0.099433	16.6841	32.1384
24.5385	8.28097	16.9932
33.1944	10.226	22.9305
30.3829	27.7603	28.1384
16.4711	14.7839	21.1894
34.6134	33.6682	3.73319
16.5937	24.1636	1.75065
31.2366	35.52	28.2405
15.6696	21.0652	33.1282
23.4926	9.5023	32.4593
12.2066	22.1147	14.504
24.0574	7.33284	2.33726
20.3914	11.3244	2.19202
2.82595	29.1629	25.3724
13.5182	24.9508	2.18916
7.89534	9.79152	0.962451
24.9826	27.7167	29.6733
33.9049	17.448	27.0486
17.4676	31.9386	34.1545
20.7805	26.8441	11.4887
24.5783	25.5759	27.4079
17.4901	3.26608	3.42794
9.75476	31.3329	7.3441
14.9771	18.7324	23.5785
8.80471	32.1337	20.5523
12.5423	17.6145	28.6176
14.9111	7.4743	18.104
3.99187	23.3468	21.854
11.456	9.85232	10.1418
5.28416	13.6467	23.0278
7.76976	35.0567	21.0302
24.9276	35.1055	0.442557
0.541499	5.9858	24.3776
2.38173	16.553	0.184489
34.1415	19.8286	13.2803
16.9987	31.8739	11.1519
33.9097	12.6416	26.8655
28.1481	26.7081	20.6713
11.5723	31.39	21.8724
24.6641	29.9119	10.5716
0.404442	23.6522	26.2713
6.69408	17.6599	10.5963
18.7764	0.722684	4.66109
30.9574	12.4269	22.2011
1.33733	32.9148	34.6908
4.73755	9.86212	1.06694
17.1151	20.912	12.7796
34.0181	26.5056	10.9115
33.5791	7.01497	22.9836
11.1591	3.16574	35.1007
3.11499	18.9058	3.92648
15.1139	2.53985	19.9351
6.01165	28.5375	6.44979
32.8672	1.33684	26.0851
30.791	15.5954	16.5105
34.6034	20.913	18.2377
12.5836	15.3541	17.6732
27.8521	4.58617	15.7055
8.736	12.248	35.2998
2.56634	8.02826	23.2205
12.904	11.5208	12.4056
22.8049	34.793	16.2998
26.4551	10.3458	22.9237
2.32396	7.42078	32.768
4.64793	25.0744	27.8499
25.8642	13.465	15.781
29.8178	21.9124	10.8205
2.21343	4.12508	29.0938
11.6691	12.7573	35.5645
12.092	2.90484	26.9864
10.9979	35.2969	13.2083
11.3726	15.7088	0.582162
16.0966	10.6785	7.57906
21.2381	4.13969	16.3431
3.87344	10.7688	19.4653
32.4763	23.9615	15.1227
22.8071	9.94629	3.42583
1.53059	16.0277	21.7536
32.4361	22.3508	12.355
33.697	17.0431	11.7942
20.2208	20.261	1.78019
7.24888	0.480617	5.81004
2.13692	34.8804	20.3765
11.6247	2.22014	3.95395
28.9953	20.1365	15.2559
0.294242	14.8323	11.8999
7.54375	13.8249	25.065
0.281527	30.6001	9.50856
29.3758	31.0318	7.89051
8.48167	1.48512	13.7753
9.27755	14.2829	13.2471
27.8623	20.4716	12.5981
22.3032	16.4046	28.9249
34.2094	0.788325	32.779
20.1601	23.0253	9.18445
35.3168	18.9486	7.49496
21.3711	20.1545	15.815
16.409	17.4186	25.8505
29.7286	7.70322	1.77015
13.8986	9.7538	16.4231
18.8402	5.49521	20.8013
3.05868	25.8301	32.4311
7.50338	2.23853	10.8259
27.8169	22.5759	16.838
23.5551	6.62382	22.8949
34.3448	23.5923	10.2411
3.82705	22.8683	16.7507
28.0148	0.638193	17.8767
29.0704	0.462156	11.9509
5.49994	31.6021	10.8088
10.5075	12.9697	28.1681
9.74872	30.6363	13.5487
19.8952	31.3165	0.363481
15.1789	14.074	32.8113
0.096721	11.4257	21.4978
17.199	34.7801	24.2376
2.07196	16.1102	14.1327
25.9026	2.57895	16.8733
2.37604	2.27867	1.19746
8.03592	32.8994	9.47814
25.6097	10.1351	30.3907
8.03439	18.8696	2.08895
12.998	21.979	20.7394
9.35382	28.0571	2.06567
30.0205	5.04052	26.3317
3.80809	10.8034	9.28288
16.4383	21.5997	17.3844
27.4917	32.9872	32.3978
20.516	28.165	19.8105
9.98615	28.0652	11.7619
27.7111	16.0811	20.7086
2.76945	1.97244	33.9546
16.0884	27.3286	32.5404
14.3469	30.9976	25.6
16.6446	4.61587	10.5049
32.6816	15.0503	25.3783
33.1488	3.85428	9.89603
23.8156	26.5667	32.4326
11.2885	27.477	12.4804
13.4966	28.2021	13.8344
12.06	26.1684	14.5768
13.3779	26.1203	12.268
16.7597	27.2697	19.6894
19.2331	27.7091	20.6481
17.4143	29.5101	20.8333
17.1739	27.2884	22.2385
1.11447	4.54535	10.8575
0.913801	2.18387	11.954
34.5177	3.39259	10.6022
0.993011	2.52493	9.3582
3.43164	29.262	3.56235
4.79165	28.1231	5.49692
2.3266	27.3818	4.99998
4.2047	26.8009	3.24964
31.8124	5.74524	12.9149
31.954	3.91175	10.9722
29.5856	4.74153	11.8505
30.996	3.26379	13.3231
6.27695	31.2986	12.182
5.95856	29.9997	14.31
6.30551	32.6067	14.6043
8.26312	31.1106	13.9088
20.1643	0.036252	4.28299
22.7702	0.100474	4.14819
21.5337	33.7391	3.18342
21.336	0.520456	2.06861
22.3233	2.70519	28.6364
20.3186	1.82988	30.0124
21.9354	3.61209	31.0772
20.3238	4.35735	29.318
13.9467	32.5417	25.752
15.774	34.0531	24.4429
14.6256	34.871	26.5181
13.2353	34.4145	24.1374
13.9355	10.7319	33.2157
11.9601	12.1457	34.1083
13.812	13.2537	32.7312
12.2766	11.5392	31.4214
2.21313	20.6075	0.618667
0.082115	19.7677	35.1293
2.32521	20.7914	33.7554
0.537066	22.2731	35.0203
23.4737	30.7508	16.6574
25.606	31.5339	15.3281
25.3844	31.8737	17.9716
25.8291	29.5386	17.0544
4.72279	20.1657	7.98054
6.32961	22.048	7.14382
3.89927	22.0586	6.33367
4.31748	22.6409	8.78514
19.764	18.9533	26.7301
20.6179	16.809	25.6178
17.9763	17.6027	25.5622
19.8192	18.6186	24.0326
3.43753	9.02649	26.5959
2.73241	9.40237	29.0599
4.41148	7.56755	28.6016
5.20968	9.95159	28.3608
9.8401	32.182	2.85123
7.72588	31.0153	3.67069
7.79409	31.6136	1.18454
9.35461	29.6693	2.11513
18.4341	13.0309	32.1673
19.4848	11.5114	30.2523
18.2439	13.6837	29.5984
20.4788	13.8561	30.7668
31.1704	6.21916	5.27434
31.4807	6.59008	7.81529
29.1602	7.21708	6.57659
31.4035	8.62748	6.24259
12.0154	5.95631	19.862
11.3286	8.29737	20.9271
13.0343	6.74773	22.1683
10.5545	6.09743	22.0109
3.45961	1.31704	1.87868
4.80571	35.494	3.42263
5.97692	0.591416	1.27788
5.42196	2.31475	3.3124
32.3114	30.4909	26.0577
30.46	31.6105	27.5958
32.7855	31.2277	28.6146
31.2487	29.12	28.0318
30.7686	30.7321	22.5594
28.5708	31.3937	21.5572
29.1793	32.3215	23.9132
28.5729	29.7133	23.5755
16.5553	4.12268	35.3265
14.4109	2.95833	0.813095
16.7975	3.16558	1.98276
15.1567	5.23229	1.70342
15.4954	34.7179	2.80819
15.8504	33.8677	5.33884
17.5851	35.4053	4.23818
17.2427	32.9028	3.35992
15.8018	9.41347	29.7289
18.2634	9.59794	28.9789
17.743	8.34114	31.0735
17.1185	7.32054	28.6748
33.1602	19.9593	34.9638
31.1764	19.0367	33.5697
33.3078	20.3798	32.4411
31.3823	21.543	33.7131
16.345	22.2422	9.09826
18.8197	22.6311	9.93494
17.131	24.4412	10.3946
16.9726	22.003	11.5909
30.0656	16.9747	16.9223
32.2781	18.1266	16.6043
30.2399	19.4942	15.9909
30.6203	19.0392	18.5005
20.0361	4.62207	15.4052
19.0324	5.15663	13.1226
19.7562	7.20599	14.6278
17.763	5.84961	15.3516
0.805674	21.7822	23.3651
1.14679	20.1003	21.3753
2.21249	19.587	23.6505
35.2695	19.4212	23.2315
22.5594	15.2298	30.0067
22.524	12.6756	29.7059
22.5292	13.4945	32.1915
28.1289	22.8012	20.4914
27.6508	23.5991	22.8765
28.7042	25.3137	21.2002
30.1566	23.436	22.0103
20.7855	11.4622	6.73447
21.9776	9.14739	7.27442
20.0302	9.2018	5.43525
22.2811	10.1375	4.92248
16.0142	13.4578	25.152
13.9239	13.8953	26.834
13.7003	13.8339	24.3011
14.2907	11.5681	25.6231
18.0355	8.31444	24.0118
18.0897	6.98937	26.2445
20.3224	7.39596	24.9272
18.5736	5.66616	24.1083
18.5597	16.1439	15.5709
18.2739	17.9358	17.4138
18.5682	15.3904	18.1442
16.3783	16.0369	16.9237
18.3429	2.69746	17.8564
18.6192	4.8002	19.3642
16.524	3.23062	19.6452
16.7719	4.6939	17.4863
10.4497	17.9066	9.74851
12.9157	18.7579	10.1442
10.9131	20.0255	11.2014
11.4951	17.5631	12.0404
34.7172	19.0135	4.10602
1.62075	18.3321	3.82698
35.5582	16.5521	4.50957
0.519132	18.506	6.19401
28.5704	21.1634	7.5607
28.1344	19.6662	5.47677
26.1814	20.1236	7.2174
27.1467	22.2138	5.8012
25.3526	19.5817	15.0244
24.3579	16.091	12.777
23.6286	16.6306	15.2071
26.0495	17.2124	14.5329
13.8056	14.272	9.69869
14.9617	15.0283	11.9886
15.7849	12.8836	10.6984
13.5246	12.8905	11.9003
19.5645	25.6664	3.64724
17.5031	25.4142	2.2168
19.7601	26.4482	1.22663
18.3397	27.9455	2.67495
8.17238	11.8655	10.1586
8.06255	9.7481	11.6553
9.87414	9.94201	9.85348
7.27386	9.52719	9.1421
11.3468	17.9921	32.7602
9.51732	18.254	30.8818
11.3978	20.0469	31.2189
11.9447	17.7341	30.114
24.0572	19.1607	23.6359
25.4645	17.0261	24.1237
26.7314	19.1139	23.6071
25.5015	19.2005	25.8252
21.0384	8.73552	21.2665
20.7613	11.2161	20.5761
22.4613	10.619	22.5984
22.9753	10.0339	20.1473
20.0911	3.50183	23.8244
21.0931	1.81211	22.1012
22.6546	2.74326	23.9485
20.7808	1.09463	24.5941
6.63875	4.25748	19.9362
8.69566	4.50678	21.3975
8.84819	5.18957	18.7928
8.78349	2.74457	19.3697
12.2265	1.62548	17.5062
14.2367	2.8007	18.6036
13.8203	3.03699	15.9567
12.365	4.2774	17.7773
19.9205	26.0659	32.8102
18.1544	24.2264	33.54
18.8572	24.5527	31.0007
17.3745	26.365	32.3988
32.1183	32.2513	17.9678
34.0011	33.2019	19.3819
33.2624	34.3214	17.0096
34.5348	32.108	16.9401
31.1455	10.9872	5.22125
29.0821	12.1133	6.4036
28.742	11.203	4.02637
30.2496	13.3405	4.43228
6.56792	32.0588	5.80148
7.02304	29.4665	5.635
8.99536	31.1487	5.93801
18.2569	24.4836	13.6463
15.7113	23.9393	14.0124
16.5123	25.8823	12.3777
16.7354	26.1718	14.9805
8.37854	20.7078	6.21249
8.02732	23.1393	5.41293
8.69711	22.6576	7.90554
15.1465	7.84705	1.57643
12.9205	6.52608	1.18744
13.8042	6.78667	3.54514
18.4635	27.1264	8.02585
18.2935	28.3394	5.8343
16.2299	27.0056	6.61723
18.4194	25.6476	5.86624
27.2542	6.91338	24.9474
25.1408	6.77643	23.1172
26.4201	8.90301	23.603
27.6143	6.83045	22.3358
3.80508	17.7302	32.7109
5.86875	17.1365	34.1022
4.67474	15.2066	32.7458
3.39567	16.1539	34.6733
3.43426	27.3865	32.4207
3.34166	29.8411	31.7124
4.16576	29.1025	34.1467
1.61074	29.0046	33.4262
8.40057	6.17529	11.0591
8.71014	7.76187	13.1426
8.92229	5.18938	13.5239
6.62984	6.09988	12.9299
13.098	30.7166	5.21337
14.0613	29.4524	3.01221
15.0477	29.0112	5.4243
15.4627	31.2045	4.10084
2.38635	13.247	31.4017
0.782918	15.23	32.1441
0.257663	12.6476	32.5941
0.047087	13.6835	30.2354
29.7188	19.0282	8.08308
31.1094	21.3027	7.20708
30.2449	20.9904	9.6009
13.7083	18.6747	18.3221
11.8982	18.2335	20.1024
13.0243	16.1741	18.9879
14.5067	17.7658	20.5103
29.3321	24.1775	2.01286
28.3197	21.9002	1.13895
30.3133	22.9745	35.5874
30.707	22.0376	2.39042
25.0765	12.7296	7.44071
26.0547	10.4291	8.16335
25.2143	12.2441	9.91862
27.4334	12.6429	8.40865
24.385	8.45383	8.23924
22.6725	6.60363	7.6065
22.1199	8.05113	9.63004
33.3492	18.6817	26.172
33.2024	21.1479	25.2471
32.8064	19.0916	23.6119
31.0946	19.6688	25.5309
33.4884	28.3802	25.1465
34.9332	26.2734	24.6284
32.5726	25.9421	25.6041
34.51	26.9147	27.118
32.6089	4.94452	0.599051
34.1935	6.76535	1.58103
32.5961	5.35222	3.16275
34.6537	4.17868	1.93911
11.7031	28.3452	8.17455
13.101	30.1642	9.44551
14.29	28.3621	7.82494
13.2363	27.5734	10.0718
19.9154	31.3464	30.9517
18.096	33.0521	30.14
18.0175	31.9237	32.6248
17.427	30.544	30.4361
19.5763	6.5983	28.3273
20.758	6.72675	30.6279
22.1744	5.94746	28.6717
32.9256	1.70119	19.9131
32.8734	34.8594	20.9752
30.7544	0.166049	20.0014
31.6668	1.25771	22.139
30.6368	9.76046	15.8969
31.9247	7.844	14.7403
33.2166	9.65873	16.3658
31.7329	7.80749	17.3471
23.9237	0.606267	28.672
24.3759	2.54565	27.0274
22.2788	0.955362	26.7201
18.6528	16.1465	5.9445
19.8215	14.972	3.85964
17.9873	13.6787	5.23198
20.2787	14.0472	6.24634
28.0174	23.9232	31.5564
30.2777	24.8305	30.6016
29.2088	26.1857	32.5209
30.1057	23.7831	33.0414
5.70422	1.10172	16.885
7.39759	1.02338	14.8532
8.27898	1.03956	17.3423
6.96589	34.609	16.2831
34.7169	6.1159	13.9849
35.4707	3.75839	13.4798
0.393971	4.71394	15.7277
33.5619	4.04846	15.2928
11.7785	8.42977	10.8751
14.3097	5.54909	8.22908
13.3612	6.46399	10.4505
12.3981	4.33979	9.2838
25.2125	28.6297	9.77152
24.2983	28.2891	7.40995
26.84	28.4801	7.62077
25.8405	26.3291	8.63774
25.6555	21.9818	0.857542
26.8515	19.795	1.54256
27.0886	20.6848	34.7943
34.1656	19.6885	1.68062
34.3001	17.6813	0.094817
23.6103	9.04331	13.1503
21.5217	7.88306	12.1223
21.7586	10.4914	12.0023
21.1602	9.30712	14.2442
6.85024	17.0528	26.8825
7.83603	15.4109	24.9328
9.15538	17.4762	25.9424
6.88042	17.7683	24.4093
24.9685	3.14271	22.6103
26.8046	1.93617	21.2051
25.337	3.91454	20.257
27.3133	4.33804	21.9934
2.3367	17.3896	27.8688
4.87099	17.4471	28.5283
2.9834	17.3466	30.33
3.3993	15.2201	28.7989
26.9094	24.2052	7.55673
28.4361	24.6644	5.58126
25.8674	24.3802	5.16816
23.306	29.6297	11.3862
22.8607	28.9975	13.8471
21.1757	28.1751	12.2546
21.1171	30.721	12.3401
24.4458	17.1654	5.1742
25.9464	17.9068	3.10583
23.4927	18.6482	3.20436
24.1641	16.1553	2.73683
9.07552	26.0154	30.2652
7.85486	25.7457	32.5862
6.45932	25.7641	30.5249
7.70436	28.0209	31.2421
27.9534	2.2594	28.4192
30.2535	1.08612	28.5703
28.3573	0.41885	30.1891
29.4523	2.89596	30.3583
24.8759	35.4889	5.69377
26.9984	34.2352	6.53016
27.1275	0.855727	5.14075
26.5328	34.31	3.93906
2.26556	20.9559	19.2871
2.71227	23.1249	17.8885
3.51482	22.9275	20.3812
0.920762	23.0967	19.7832
23.3758	31.9997	2.40217
25.315	30.3506	3.33234
25.9504	32.5247	2.10264
24.6914	30.5083	0.807362
23.5537	21.0519	2.09269
23.477	21.5614	35.1188
23.6138	23.5294	1.19181
17.1751	27.1762	10.1895
14.9456	25.7157	10.2606
15.5451	2.45813	14.0685
15.4249	4.87532	15.2734
13.5892	4.19721	13.5717
23.198	3.59427	3.71664
25.2408	3.96865	2.25412
24.4703	4.65794	35.6186
23.4239	2.09687	1.66015
19.5924	5.75007	1.43435
20.9138	4.90386	3.39922
18.2798	4.67874	3.45766
19.51	7.05488	3.76549
13.1726	26.3799	30.2228
14.7802	26.4454	32.2877
13.9671	24.1745	31.3449
12.2194	26.0832	32.5073
24.2151	33.101	23.9466
23.7514	34.712	22.0471
22.8381	35.2335	24.5529
21.7363	33.4616	23.0791
13.0817	16.0575	13.3978
10.4568	15.3965	13.2524
11.2645	17.4294	14.6382
4.4793	1.21412	22.0937
6.23752	34.9582	21.4743
4.58696	34.6358	23.4219
3.63702	34.7828	20.9238
31.31	3.1675	16.621
32.6002	5.37205	17.2235
33.6018	3.02752	17.7139
2.66131	2.67634	28.5891
3.57597	1.42049	26.4978
1.03454	1.73468	26.8638
2.31507	0.076566	28.4736
8.30507	0.10372	2.24494
8.06393	1.19325	35.5666
7.60428	34.399	0.067218
25.346	15.8866	28.7223
25.3393	17.7392	30.756
25.8071	18.4725	28.2886
23.4681	17.4947	29.0393
30.7498	18.7903	21.0814
28.8486	17.0775	21.2403
29.2845	18.759	23.171
30.987	16.5636	22.5561
12.3398	25.0622	10.1605
5.30681	15.2251	22.6869
5.0874	15.7015	20.21
5.62031	17.7047	22.0918
7.39725	16.1147	21.1826
35.5757	19.9558	19.0563
1.84793	18.3402	19.4974
1.67972	28.086	14.8085
2.05297	27.9964	12.293
4.18886	28.1399	14.0288
2.58759	30.1748	13.6185
3.97212	34.146	29.6087
1.5237	33.248	29.005
1.85731	34.8952	30.9752
5.28775	8.56254	4.52388
6.70655	8.97122	6.61766
7.91342	8.74478	4.3115
6.92571	6.59884	5.32985
31.1056	30.649	35.0757
31.2588	33.0588	34.1634
30.6558	32.7354	1.025
33.1034	32.3325	0.158753
30.103	17.4229	26.4248
31.0811	15.1801	25.502
29.9458	15.1575	27.804
28.4374	15.5883	25.7054
12.3778	20.806	17.8078
15.0875	20.9051	17.8969
13.5985	20.6819	20.0106
25.3515	2.33586	10.2453
22.8359	3.11849	10.7671
23.5418	0.518092	10.7294
23.3016	1.96885	8.61864
28.1254	16.5041	12.0427
27.9522	18.1295	9.91035
25.8567	17.0451	11.0085
27.3192	19.0307	12.1644
4.18522	27.8326	9.18985
1.92385	27.0172	9.90832
3.7629	25.204	9.23245
2.52221	26.5911	7.43712
21.4471	31.1716	3.8315
20.8409	32.0816	1.39838
26.9124	5.00088	12.5231
25.3379	7.01184	13.3507
26.8735	5.63089	14.9703
24.6567	4.55921	13.9292
22.0727	5.69904	10.7613
22.2496	4.25743	12.9166
20.2792	3.93219	11.1913
20.5731	28.4088	33.9273
21.4228	26.1481	34.9096
22.3717	27.1961	32.7102
3.44938	26.0951	0.807786
4.48555	24.3036	2.4243
5.96834	26.0781	1.38766
2.90959	7.85935	3.7102
4.13128	9.83951	2.55398
3.01783	10.0347	4.94517
11.4454	30.0516	17.3691
11.7351	32.3876	16.0555
9.39522	31.4577	16.7993
10.6184	30.3526	14.8654
19.7243	0.937673	15.0953
17.6273	0.776448	13.6824
20.0189	0.002539	12.6989
19.3063	2.53794	13.0239
7.51512	29.656	17.3358
6.95742	32.1447	17.09
8.44771	31.4027	19.1647
5.32246	6.21198	21.1089
6.49843	8.51404	21.5879
6.26451	6.74454	23.4958
4.0861	7.82755	22.7716
23.2417	6.444	34.3239
23.5584	8.97718	33.9761
23.9273	7.70796	0.769012
25.5735	7.49081	34.3747
16.563	16.3183	20.7164
16.9118	18.9974	20.448
15.9613	17.9223	22.6064
23.5875	10.8202	25.0031
23.0467	11.1394	27.5461
21.2127	11.4439	25.6985
22.052	9.05157	26.0406
0.12306	6.43562	6.39212
0.193431	3.95616	5.4744
1.21959	5.90871	4.05944
2.37713	5.1029	6.25964
9.46117	17.4145	20.2699
9.98656	19.882	21.0302
11.0146	17.9139	22.4441
28.4578	12.9045	30.9717
29.4719	10.4457	30.618
26.9391	10.9045	30.7712
28.4122	11.1026	32.8855
27.3562	31.4799	13.3889
27.8084	32.6244	15.8518
26.5104	33.7919	14.0253
4.94102	13.6388	27.5373
7.34213	13.6652	26.6389
6.92471	14.4105	29.1526
6.77886	11.9478	28.4648
5.27143	10.2921	15.616
4.68157	10.1403	18.2518
4.43995	8.11196	16.7193
6.87983	9.22342	17.2491
22.1719	3.9303	7.30066
20.824	1.58883	7.7984
22.9033	1.66414	6.17598
3.39282	12.5932	29.2131
4.88269	12.9347	31.3627
3.28738	10.7901	31.1186
30.8314	14.3883	30.2767
33.1492	13.5005	30.8691
31.3705	11.8618	29.9655
31.2195	12.6849	32.4873
12.7268	3.36793	31.3105
11.5646	2.97819	33.5674
12.7997	0.905647	32.6693
10.7363	1.65672	31.3987
25.2473	11.0268	19.3933
23.9033	9.57552	17.7065
23.0049	11.9261	18.3222
0.989725	35.3749	25.3806
34.4022	1.00883	25.8186
0.588799	2.09572	24.3141
31.5657	23.9782	7.2203
31.3932	22.5389	4.95316
33.4164	22.3405	6.59739
33.2512	26.1556	33.5123
33.9595	27.9729	31.7756
34.9233	25.4536	31.7671
32.526	25.9715	30.9465
29.7983	33.3946	17.4114
27.96	35.1357	16.7669
29.593	34.1636	14.946
30.4781	19.3916	30.3756
28.6917	21.1676	29.4046
31.2334	21.5736	29.1158
29.9673	19.6479	27.835
28.6508	16.6592	7.97091
30.3362	17.3372	9.97342
28.7499	34.932	24.6597
28.6357	33.0113	26.3599
26.8299	33.0933	24.4341
18.2798	14.564	24.811
18.292	14.987	27.3649
18.8655	12.5727	26.4501
20.5505	14.403	26.2154
8.03803	34.8843	26.5404
9.50272	32.7173	26.4369
10.5994	35.0272	26.9683
9.67317	34.6209	24.5438
2.85417	19.7538	31.4772
1.25453	17.7885	32.1917
15.9539	31.4108	12.2669
13.4628	31.1992	11.8332
14.407	33.0611	13.481
14.3563	30.5815	14.2701
26.2133	9.44978	13.5673
24.6326	8.41513	15.41
24.1969	20.4621	27.635
26.6933	20.8827	27.719
0.074781	16.2353	21.0935
33.1145	15.705	21.2774
33.9758	16.5349	19.0457
33.9974	18.0468	21.3641
21.021	31.6187	15.9164
19.7023	29.4772	16.3032
19.3153	30.8461	14.0874
18.3776	31.8503	16.2147
4.0859	12.7585	33.779
6.51703	13.525	33.2478
24.9133	25.7681	1.90817
23.6671	24.3859	3.63315
22.2764	25.6479	1.68952
20.4708	29.6533	25.5634
19.8064	32.1353	25.5865
18.2813	30.5226	24.2485
20.5865	31.1626	23.319
31.3712	9.32378	26.2557
33.0695	10.2808	24.5301
33.1799	11.2054	26.8813
33.9375	8.75335	26.5263
11.1775	11.3899	18.2141
10.8799	12.9749	20.1604
11.8476	13.9696	17.9764
9.33323	13.1928	18.0854
15.6271	10.8696	27.6256
13.5553	10.7075	29.279
15.5709	12.1154	29.8873
12.0176	23.276	8.35869
14.3379	22.4698	7.44738
12.9173	24.4766	6.26544
12.2458	21.9801	6.07605
1.8278	29.0202	22.1106
0.591491	30.2603	20.1149
3.03009	30.9551	20.8866
0.933159	31.5073	22.3466
25.1271	20.3035	9.69713
24.0992	18.5593	8.21533
23.7755	20.9201	7.36888
21.6375	31.9218	20.9973
19.4842	33.0451	21.821
9.3743	23.917	33.7551
7.92398	25.6485	35.2092
9.9395	26.4899	33.714
28.7174	0.141	21.671
26.2403	35.0862	21.6128
27.2285	0.98292	23.5335
35.0891	31.808	29.8286
1.92843	30.8315	29.7483
0.507064	31.2432	27.6003
9.15708	17.1567	16.0688
11.5375	16.3404	16.9443
10.8927	18.9298	16.7659
18.9194	23.7688	28.3912
21.1256	24.3143	29.5288
19.295	26.2149	29.1497
2.09055	22.718	4.61175
4.60983	22.1764	3.83975
3.03093	20.2944	4.70496
14.5725	17.3237	5.67563
12.5219	17.3568	4.18248
13.1279	19.5549	5.47207
14.5246	18.8241	3.41839
21.4274	12.3696	13.661
19.6778	11.7889	15.7399
19.9856	14.1582	14.736
21.9461	13.0092	16.1283
15.2794	29.4276	29.1965
16.2431	28.4243	31.3765
17.5892	28.2442	29.1326
17.0317	22.7749	2.50242
16.273	20.2828	2.04263
17.1648	20.7792	4.37968
18.8031	20.7343	2.37379
11.5996	2.85937	25.4646
12.6179	2.79692	23.1123
10.2952	3.91178	23.4054
10.4347	1.32711	23.6744
10.4516	21.9021	27.4562
9.5053	24.0528	28.5956
8.1034	21.6897	28.5357
10.215	22.054	30.0653
0.721631	1.64599	14.5948
2.43857	3.41118	13.7543
11.3185	10.843	21.596
12.1346	13.2682	22.3582
13.3459	12.1196	20.3909
1.88187	11.3632	34.1935
2.71678	13.1413	0.243012
4.03529	10.9276	0.081769
24.5084	28.4591	4.8809
26.1171	27.9026	2.89114
26.9828	29.1595	5.10879
4.73027	33.1866	16.5838
8.04111	27.6059	1.26856
6.24448	27.6279	35.0186
29.8471	1.70535	15.1086
31.7529	0.676287	16.4844
29.3665	1.48548	17.5684
18.9363	10.3034	25.3052
20.1056	10.711	27.782
29.2996	9.40597	34.6572
31.1065	11.1296	34.8733
31.817	8.68227	34.6058
30.4821	9.00227	1.14587
33.1	30.3421	23.4018
32.6829	32.1176	21.3961
32.4084	29.5568	20.8921
21.6822	4.87918	35.6293
22.9592	3.96367	33.5607
7.2511	18.7123	16.7816
7.62495	18.273	14.2114
6.72096	16.3835	15.7038
2.11909	32.7638	13.8552
0.598336	31.1517	15.0911
3.07477	31.3111	15.8992
29.6223	35.0394	33.9479
29.4515	1.99457	33.6618
27.387	0.801688	34.4971
29.4539	1.01088	0.323693
13.6469	32.8836	6.47314
14.1202	35.4173	6.3639
15.5248	33.8662	8.02966
19.5401	28.0507	27.3616
17.5407	26.3755	27.2436
24.3333	26.7613	13.5011
22.3393	26.6629	15.1149
24.4639	27.9339	15.7357
6.54152	27.7246	13.0086
6.50865	27.9133	15.5818
30.4836	25.9275	10.6075
28.8117	24.894	12.279
29.6353	23.4226	10.3323
28.0626	25.3713	9.71833
32.0034	15.3594	17.554
34.0057	14.0131	18.5613
34.5098	15.7114	16.646
33.3558	9.62709	4.68249
33.0528	10.5712	7.03678
20.2372	22.9603	12.8352
20.2296	25.6523	12.4015
20.6809	24.6567	14.679
1.82962	0.610127	7.98828
3.0148	3.03431	7.71203
3.39343	1.68141	9.91051
3.49731	16.6332	18.327
1.08773	16.8106	17.4497
2.6702	18.8913	17.215
27.8422	23.2274	27.9438
26.5515	22.3428	29.9839
0.836847	9.9816	30.7594
2.58544	8.20453	31.3944
16.2162	17.6756	34.3207
15.0528	15.469	33.5347
14.8705	16.1803	0.318191
13.6129	17.5348	34.0166
7.23599	9.91423	30.0637
7.60608	9.59863	27.4603
9.6195	9.42124	17.4724
10.4212	11.1957	15.7739
12.2981	9.72264	16.6303
11.9368	21.536	13.0456
9.42641	21.84	12.4152
11.3397	22.6369	10.7982
34.4935	11.4657	30.0106
34.0018	8.97088	30.6784
35.3151	9.49712	28.5451
27.5611	26.0767	1.73557
30.1794	26.5037	1.28001
29.2401	26.2042	3.68955
17.7376	34.6596	22.7382
19.6696	35.5386	21.1514
17.6928	34.1157	20.1649
1.38823	31.4964	8.75561
1.76679	31.349	6.16683
3.78038	32.0483	7.87303
3.02604	29.742	8.03148
27.4123	8.69664	33.0966
27.0911	10.6354	35.003
7.31204	11.2248	32.3128
8.84916	12.7079	33.7798
8.18681	13.4628	31.2908
21.49	21.7738	6.17274
23.781	22.9833	5.82657
23.26	20.7095	4.70998
16.1438	17.6065	1.931
15.4515	15.1315	2.70194
17.2997	15.4772	0.863221
14.5159	10.4519	7.36126
13.2029	12.5961	7.8197
12.1674	10.7643	6.19606
12.2903	10.242	8.80013
19.7137	0.295032	33.7646
18.0615	2.25403	34.1329
17.0661	35.5814	33.5325
18.4009	1.24568	31.6984
22.5457	13.2591	7.21806
23.8944	12.3999	5.15706
24.4422	14.699	5.90136
24.4926	0.000333	19.7508
21.9722	0.515294	19.951
23.0544	0.062615	17.5997
23.5779	2.33443	19.0584
29.0467	4.24746	35.0701
31.3744	3.68602	34.2364
29.4611	4.28564	32.5252
27.7727	19.1095	15.5202
25.4145	14.7746	14.948
26.1149	17.8579	17.0584
30.6743	33.2711	3.64257
31.7762	33.0064	6.03665
33.129	34.1011	4.22482
30.8601	35.3017	5.32282
8.29303	0.692193	31.4094
6.19862	1.2994	32.7448
7.40549	34.6181	33.1441
6.10066	35.0396	30.8947
21.0093	25.3297	5.8173
19.5985	23.3352	5.08675
29.9659	28.4857	33.7501
31.6995	28.1955	35.6312
32.3725	29.3173	33.2861
22.2257	27.6355	6.06072
23.6133	25.5255	5.93834
22.2207	25.9108	8.0735
30.389	28.4494	10.1337
32.749	27.2874	10.3334
31.3473	26.4948	8.31661
32.0581	6.16567	34.0395
33.8494	4.28354	34.0304
18.7965	22.3996	35.1835
21.2734	22.5701	34.2959
20.7527	21.5081	0.909183
20.4801	24.1084	0.568224
1.32371	10.8637	6.75523
1.76008	12.1945	4.50198
0.332689	10.0295	4.52834
11.6728	14.6215	8.12614
14.1458	15.2059	7.33196
20.7658	34.5599	26.0045
21.9156	0.924255	35.2607
23.5339	35.287	1.18511
23.4018	12.6007	34.5044
25.6651	12.5452	0.312382
23.9659	14.5186	0.572461
25.388	14.1978	34.0532
30.1982	4.38328	3.71741
28.0223	2.7897	3.68595
30.3178	2.03464	2.59875
30.0068	2.12971	5.194
31.1734	24.0313	16.0551
29.0527	25.0339	15.0026
30.1185	26.1428	17.3101
28.7661	23.8271	17.1865
10.8546	6.30849	17.5803
13.5667	6.58681	17.9674
17.9603	7.62674	8.67486
19.8059	6.96401	10.3857
17.8859	8.50495	11.1737
17.2305	6.09596	10.5971
9.14067	24.8186	3.74141
8.84153	26.266	5.8343
11.2389	26.0353	4.90482
9.417	27.4249	3.5439
7.11891	17.7286	19.1583
8.27504	15.4094	18.8536
0.837951	4.61356	28.4077
34.1671	4.87311	27.1353
35.4826	7.00574	27.8556
0.621898	5.58874	25.9293
11.7655	24.9729	16.8963
11.6929	27.4241	17.7173
12.3981	25.529	19.347
9.86898	25.6414	18.5901
24.163	33.6273	28.5123
25.165	32.5846	26.3211
26.0296	31.839	28.7004
23.6971	31.0969	27.8703
4.71859	21.2928	32.3301
2.40935	22.2555	31.5981
22.0839	26.3565	10.6964
23.4057	24.3336	9.86184
20.8216	24.4101	9.59001
15.032	4.80849	5.94509
16.2411	3.12816	4.43376
16.4482	2.78672	6.96719
14.1557	2.34829	6.03656
19.6377	14.4628	1.30654
19.4341	16.5925	35.5168
18.4885	14.2916	34.5486
28.1466	9.41268	16.4785
29.0181	11.8475	16.0537
28.748	10.0251	14.0735
7.07924	32.3254	34.474
9.5166	33.3649	34.1636
22.791	30.0972	5.89976
21.6423	32.3927	6.06505
20.1584	30.2292	5.9335
30.2205	5.27515	24.7559
31.3783	3.63335	23.2077
29.7998	5.43706	22.1865
32.1946	6.21323	23.3135
19.9506	9.6266	34.719
20.4497	8.36506	32.5991
18.2096	7.91383	33.6705
20.2628	6.93977	34.8766
7.93644	3.74097	10.5032
7.18384	5.45478	8.75286
9.80731	5.01837	9.16479
10.297	26.1433	24.857
12.8933	26.4623	25.5759
12.2062	26.6563	23.146
11.4467	28.5056	24.7457
0.679121	8.58006	7.8417
35.2335	10.7475	8.61252
2.28433	10.3162	9.05378
11.2463	34.877	22.5014
8.69203	35.5303	22.2692
12.5394	28.8702	1.05014
10.5895	27.3448	1.30982
12.1117	27.1884	34.8272
13.0517	26.3164	1.46397
23.1938	23.9803	24.0304
20.5806	24.5446	24.1029
22.4191	26.4506	24.2476
22.2295	25.3146	22.0129
17.4951	20.45	17.0019
18.8861	19.8862	19.0491
20.0167	19.7786	16.6243
35.0233	20.5232	7.48596
0.316548	22.8061	6.58759
34.5748	22.7795	8.87043
16.1014	15.9849	25.1651
16.5587	14.7087	22.8008
0.374408	8.27057	13.4737
2.6982	9.08998	12.4468
1.21901	10.5806	14.0094
2.59537	8.37164	14.8715
9.33372	9.76142	31.6572
7.22974	8.53596	32.3648
34.3486	14.9607	35.3114
0.848275	16.3686	35.457
34.8775	16.7423	33.4621
7.32114	17.6775	29.4489
6.54055	19.495	27.9021
30.8953	7.96434	12.2422
33.4557	7.8137	12.6896
0.403905	6.27221	8.97316
33.9683	7.44012	8.06607
11.5414	17.6269	25.012
10.3863	19.7719	25.9573
11.3493	17.9675	27.5772
1.88096	23.4575	13.003
1.53731	21.2683	11.6732
2.35811	23.3836	10.4026
35.5896	23.3071	11.2254
5.07027	15.6781	5.57137
3.91167	13.4056	5.30564
6.50624	13.4434	5.33246
5.06078	14.0731	7.51821
11.6444	4.5365	0.101361
12.0676	6.63854	34.3969
10.2456	6.67022	0.527478
7.73252	26.1989	25.355
8.72539	24.3061	23.8153
8.63759	26.8628	22.9718
8.86935	13.9552	11.7157
6.83645	14.1176	10.269
9.26679	13.9781	9.07242
13.8991	15.1146	16.7982
15.2873	15.3609	14.6212
15.9184	13.5102	16.4677
30.36	18.2058	4.65961
32.4778	18.1395	3.09368
32.45	17.032	5.40809
31.0466	15.8304	3.5629
9.0541	9.41878	21.6286
10.8636	8.97579	23.3983
28.401	32.2643	7.58192
26.1165	32.9883	8.65485
28.2201	34.6173	8.73749
1.51258	21.391	29.257
0.591855	23.6201	30.3415
35.6643	21.3057	31.4048
8.7426	30.1959	26.6908
11.146	30.8001	25.9033
10.4761	31.2495	28.4008
4.22909	2.26207	12.4235
4.11911	2.0398	15.089
5.03325	4.22205	14.0114
24.6636	24.5387	14.8558
26.6944	25.4115	13.629
24.6875	24.5203	12.198
30.7597	5.1526	30.4959
28.0508	5.12164	30.5155
30.5714	6.92293	2.88682
9.1647	27.4066	8.10429
6.77453	27.2532	6.99997
7.94988	25.1101	8.01123
6.10375	30.1584	35.539
5.19866	32.4078	0.709543
20.6672	20.6316	11.8483
22.7502	20.0575	10.5077
21.1978	21.871	9.56938
20.2857	19.4758	9.51444
14.3384	33.9591	28.9405
16.7238	34.3529	28.1882
15.2352	0.820363	28.3261
33.6041	20.5382	21.5642
27.3862	15.8301	34.376
28.9653	15.2837	0.614609
29.3403	17.445	34.7419
27.4413	17.3694	0.913679
34.4788	11.9051	14.183
35.614	10.6969	16.1737
1.04603	12.8916	15.0143
12.1652	1.20183	5.09815
12.435	1.1075	7.73039
24.2899	15.164	22.7997
26.4412	14.6936	24.2374
26.6449	15.9491	21.9271
1.61571	14.6199	22.518
1.59987	13.1339	24.6222
1.34891	12.0719	22.2763
3.74057	13.1668	23.0556
7.83746	18.9922	33.8592
6.9001	21.1076	34.959
9.32724	21.3028	34.014
7.30771	21.0883	32.3816
20.0948	27.8481	18.2864
20.0077	26.805	15.9741
17.8198	27.846	16.7462
4.10996	5.8862	35.4783
3.51261	7.74455	33.7761
5.99992	7.21658	34.2176
4.5589	8.39324	0.415363
13.6482	2.53042	27.1348
15.7293	3.38463	28.5783
16.0491	2.31138	26.2541
1.98717	11.1237	26.1102
0.85942	8.83403	26.2947
2.39279	9.29445	24.199
1.3592	23.7478	24.9939
2.61062	23.4694	22.6822
0.072328	24.3037	22.9418
31.4801	4.99324	26.9846
32.71	4.23618	29.1012
32.754	2.72458	26.8928
31.3331	10.1008	10.9079
32.8732	11.5389	9.44781
33.0145	11.914	12.0024
30.905	12.6618	10.6679
17.5169	16.9529	11.4421
19.3831	16.0287	12.9655
19.8865	17.148	10.5007
19.0416	14.782	10.65
9.6261	16.2748	7.95545
8.8227	18.7907	7.96489
7.92751	17.1239	9.72999
27.3744	23.2729	25.444
27.9576	25.5539	26.5247
25.6967	24.4621	27.1137
35.3436	8.51878	35.6277
34.7109	9.21204	2.43604
0.969095	7.48188	1.99577
2.28143	33.3544	17.1712
3.88773	31.5919	18.4741
19.5366	23.6631	18.4882
21.4589	25.01	19.6183
22.0235	22.7559	18.5352
21.4365	24.9114	17.0845
13.357	5.31652	29.5485
13.2788	6.66897	27.0885
11.2577	6.56667	28.7076
11.9913	4.40005	27.5497
32.1833	30.4831	13.7171
33.967	29.9588	15.5844
31.4423	29.0082	15.6418
33.1851	28.0292	14.0029
14.5278	8.94104	26.3866
14.065	7.09466	24.5704
12.1833	8.63693	25.5798
9.78776	15.5453	0.805841
8.37398	17.73	1.02487
8.24879	16.4336	34.5225
7.22465	15.3714	1.09955
4.35418	19.0487	15.4191
3.19206	17.2263	13.8587
5.30701	18.8991	13.1364
2.75302	19.6388	13.3637
4.50973	35.5404	11.4225
2.2835	34.2329	11.7826
3.66479	34.222	9.43442
4.47363	32.7827	11.2257
30.2749	31.0272	16.6113
29.8768	31.4875	19.1681
16.1058	8.90096	13.1015
17.1498	10.857	11.7388
18.6734	9.34388	13.4676
15.08	9.53345	35.2827
16.6133	10.0049	1.89697
14.1192	10.2293	1.94417
10.0525	0.117904	8.3982
11.3526	1.40881	10.2267
10.5968	2.73966	8.22465
17.8259	9.02159	4.03587
16.9298	11.4974	4.14909
18.9597	10.8337	2.6734
2.99064	27.0289	18.1221
0.847926	26.599	16.7809
0.654377	28.0366	18.9086
1.11616	25.5425	19.2141
20.2014	33.069	12.977
22.286	34.3566	11.9797
20.1111	34.0147	10.6132
32.662	20.6842	3.579
21.9866	20.2526	33.3475
23.2618	22.3778	32.6082
34.1444	12.8728	7.61269
33.49	15.4128	7.08642
0.019415	14.9302	8.21405
35.3112	14.2743	5.72762
23.9449	25.8979	19.9714
25.4761	27.0336	17.9644
26.6516	26.384	20.1563
24.9072	28.23	20.174
24.5456	21.987	14.5852
26.6202	21.1357	13.3631
24.4723	20.149	12.5072
19.7431	0.514586	17.6161
21.2321	34.8035	16.026
18.6188	34.3917	16.0039
14.3315	4.82069	23.2588
15.5349	6.99135	22.2572
22.6695	8.50118	31.5071
20.6478	9.21984	30.0249
28.9647	29.8152	6.89259
28.5146	27.2909	5.99513
8.42645	7.16003	17.2173
9.2159	4.85794	16.1407
15.8044	11.5315	21.1615
15.4432	12.2328	18.6802
15.1893	13.9756	20.6579
15.7885	1.79936	9.31408
14.7378	35.2144	10.0823
15.8714	1.04634	11.8603
13.6709	1.8274	10.9676
18.6535	18.6434	34.2147
17.5014	17.505	32.0918
16.6645	19.8209	32.8787
24.5541	13.0509	16.6065
22.8649	14.529	18.0215
4.87401	23.6669	11.0193
7.33331	23.5539	9.96692
6.65266	25.4792	11.516
7.02027	22.997	12.3922
14.2309	9.09562	14.9853
14.0342	10.4308	12.7378
13.6368	7.93976	12.6506
2.17745	2.68932	19.7754
3.64634	2.59167	17.6219
4.0602	4.434	19.5136
1.94229	4.52127	17.8826
27.536	1.49684	8.97295
29.3966	0.600072	10.3735
29.6535	0.741755	7.54249
34.0005	29.4012	18.9055
33.3315	27.2384	20.008
31.4363	28.2045	18.7378
17.7097	6.64037	20.8705
16.705	9.08478	21.1129
15.5285	7.33612	19.5875
26.2251	3.57164	8.17109
26.2846	3.34633	5.56702
24.5143	4.91563	6.77937
27.0602	5.56855	6.72516
17.401	25.1376	18.4337
15.6516	26.7771	17.2855
15.0078	25.334	19.3209
7.22101	24.916	18.6464
7.98231	27.186	17.7907
8.21462	26.6151	20.374
18.9015	17.6134	8.10181
21.5617	17.5659	8.50168
25.9548	19.2257	32.8548
27.2344	21.4937	32.3424
28.5478	19.312	33.1831
26.342	1.35422	31.3504
27.2727	34.5392	31.9892
25.8373	35.0049	29.9101
0.681398	23.4336	15.3234
35.3239	24.0848	17.7206
35.429	21.7044	17.1171
33.7624	23.2832	15.8127
13.1487	28.089	28.2875
12.8709	30.5022	29.0764
14.2532	30.1144	26.9187
23.0954	12.698	11.5431
20.5287	12.7329	11.2321
19.5449	10.7472	18.1712
17.3105	11.3027	16.9288
19.0435	9.37974	15.9838
27.9886	21.2409	23.8232
28.5633	19.3475	25.5343
11.4161	21.9568	20.8654
8.99306	22.026	19.882
9.31332	22.06	22.4743
8.75848	12.873	24.5868
10.8972	11.0606	24.7934
11.1819	13.6969	24.658
10.1037	12.4546	26.7255
15.6869	28.5156	15.2719
13.3956	28.9841	16.2762
8.96916	7.46107	27.8287
9.61857	7.58119	30.394
9.07759	5.26328	29.2772
28.2608	35.5541	19.2557
29.4952	33.5949	20.5377
26.4517	14.3713	26.8886
26.4716	13.7928	29.526
24.4033	13.3357	28.1373
19.3918	34.9652	8.31084
18.8577	0.88265	6.25376
18.2852	1.68065	8.58349
22.0317	27.7592	26.3811
23.8876	28.6242	24.6908
24.2357	26.4161	26.0906
17.7634	16.2185	29.7167
18.8184	18.4938	30.1589
16.1539	18.2085	29.91
11.7379	3.34761	12.0695
11.9526	0.829563	12.6965
27.606	3.75876	10.3622
28.0015	6.40114	10.6981
4.23062	3.43042	5.42339
4.79525	5.02451	7.39536
1.608	16.5462	9.63736
3.01921	18.6663	9.29166
1.40468	18.6886	11.3408
0.425446	18.6371	8.86107
30.5155	35.1397	2.02277
31.9905	1.11841	0.678512
32.8657	12.9743	34.4705
35.3152	12.4706	35.0173
33.7372	13.064	1.30353
12.213	21.5818	25.53
13.2333	23.9513	25.8395
14.6315	22.2678	24.549
14.3566	21.9705	27.0707
11.1346	22.3367	32.5008
11.2498	22.8025	35.1253
8.54477	6.98076	34.1253
8.14887	8.25807	0.65758
7.7919	5.71789	0.613999
28.3753	18.411	3.1679
4.90466	3.77031	21.8909
14.1233	32.6323	9.83547
16.4945	33.3207	10.5892
1.29664	19.659	27.1973
0.780881	22.2887	27.0161
3.18211	21.4746	27.1824
34.8707	30.0453	33.0294
1.1281	31.3894	34.2281
35.6476	29.2976	35.4123
23.6087	2.15619	13.801
22.5278	3.83512	15.4383
31.543	21.0014	20.0403
28.9553	20.417	19.9593
15.1113	0.942504	20.1269
13.741	34.8701	21.6118
12.909	35.5222	19.2697
15.1531	34.0713	19.5548
16.1286	29.2104	23.4486
16.5768	31.4074	22.4023
15.8355	31.1027	25.0234
8.57514	26.3299	27.7863
11.1397	26.2139	28.5923
8.38443	0.853615	4.74264
10.0214	34.638	3.7757
10.3706	1.50161	3.24697
5.7637	19.9817	23.5736
4.84149	21.9144	25.1382
7.18048	22.1688	23.9772
4.94186	22.2793	22.5676
25.5168	23.4475	32.0369
35.6111	6.74209	11.5189
2.44598	6.67682	10.4823
26.3909	12.4837	14.6107
27.4696	11.4448	12.4499
27.8847	14.0182	13.0057
25.5474	13.145	12.2884
7.61787	5.29039	3.15858
9.13621	5.11535	5.29842
6.72753	3.93655	5.03482
28.9016	29.3612	14.9546
28.5716	27.1084	13.711
27.0243	27.6424	15.7706
26.7915	28.9952	13.5486
23.4187	16.9692	10.2332
23.681	16.2554	7.66042
4.20302	17.9774	24.1643
31.9945	1.40639	6.75791
34.4747	2.00179	6.4914
28.4059	14.6497	20.4076
29.0713	13.0433	18.427
30.0318	12.5517	20.8735
27.5015	12.2081	20.2133
11.2946	31.6899	7.03614
11.6184	32.7929	4.7707
28.1628	13.1028	25.2912
27.9605	30.2583	29.6005
29.0944	27.9975	29.0869
26.4872	28.225	29.9325
28.5155	28.4877	31.5495
28.3045	5.10658	17.161
30.3857	5.85309	18.4615
28.3935	7.46477	18.229
28.3043	5.5654	19.9732
1.81952	25.6047	31.4305
0.032665	26.0221	29.4472
11.5095	6.19877	4.71443
12.2621	8.73175	4.56958
13.5539	6.97615	6.08968
29.9909	17.4427	32.1003
9.67162	9.08185	25.8485
8.81374	13.5473	4.08698
10.7335	15.3952	4.25399
8.30073	15.9419	4.85371
9.71752	14.2841	6.40543
14.4777	3.12959	21.2858
15.1348	2.40159	23.7673
28.4021	33.627	2.21336
23.9464	28.8727	29.1973
22.4187	30.8436	30.1027
21.5921	29.5593	28.0308
28.4568	15.2796	29.9394
26.8736	14.7363	31.9882
34.3037	11.6796	3.43365
35.1469	14.2174	3.1953
32.6031	13.7522	3.48123
10.3309	0.615023	18.9072
11.6311	34.7716	17.1345
13.2829	21.5497	0.432309
11.1111	21.6115	1.77212
12.56	23.7974	1.59289
24.8962	1.77991	15.9516
23.6048	35.4329	15.067
25.7551	0.610399	13.7992
20.8328	19.6499	29.0376
21.7158	20.579	26.7529
19.3353	21.3127	27.6974
11.6174	14.0974	27.9365
13.1069	16.152	28.2288
13.7473	13.9039	29.4072
14.938	30.0774	20.755
16.5661	31.8607	19.8143
9.87311	24.2836	9.54727
1.86634	17.7756	25.3832
35.5008	17.4968	26.9992
26.1825	34.9653	1.43084
33.9734	4.19946	19.9188
35.4008	2.00739	19.4074
7.18055	10.8625	20.5738
8.02416	8.65168	19.4177
24.0504	22.9021	16.9557
26.4528	23.0139	16.1032
12.0428	32.7996	29.8299
11.0488	30.5547	30.9211
22.0842	18.7656	15.4579
22.2248	16.9259	17.3559
21.0317	16.4703	15.0163
16.3096	13.2264	33.5781
18.4439	11.7488	34.4212
28.7725	8.62364	26.4191
26.7258	7.39138	27.4532
28.991	6.15302	26.8286
13.852	18.5527	28.5301
15.8229	20.2481	28.3214
16.0728	17.7221	27.3916
32.6678	6.44602	19.5181
13.8122	0.554675	1.45652
11.9424	2.06599	0.319465
12.712	2.47521	2.8
28.2296	17.0326	5.46701
26.2225	16.3198	6.90537
28.11	14.531	6.6858
31.6536	9.2267	29.7395
32.737	6.74561	29.9844
31.9693	7.99341	32.0574
3.14227	28.5751	29.375
3.63929	26.3138	28.0023
3.34059	28.638	26.7919
1.33923	27.4209	27.7857
5.01134	14.03	0.902187
3.32078	13.4239	2.77743
2.8232	15.5348	1.34328
5.94004	1.96968	10.5705
4.10127	5.80208	12.3126
4.7436	6.82425	14.555
10.8048	19.882	6.62762
11.088	20.6292	4.19
4.01292	21.2663	16.7171
5.11816	19.2813	17.9996
33.8753	21.8449	19.321
32.6232	22.8791	21.5058
24.5362	14.7136	10.5981
5.15073	34.0182	7.18473
2.4165	33.9718	7.30518
1.92915	25.5292	14.6501
35.2193	26.5379	14.498
21.3236	33.3558	8.39923
19.0472	32.2152	8.90849
9.83884	0.260885	29.3401
8.99614	2.63687	29.7773
34.1022	6.28466	21.6527
33.2702	8.59912	22.6982
35.1719	6.50979	19.3076
30.1095	25.3004	25.174
29.823	27.3783	26.6822
28.4015	27.2192	24.4731
33.0476	2.8662	8.63118
33.6666	0.310054	8.43899
34.7986	33.3923	21.9449
1.37183	33.8566	23.3471
1.37994	33.5495	20.798
2.80122	6.0164	15.9598
34.8759	18.2005	16.3152
33.5178	20.1317	17.3882
33.5214	19.6343	14.7479
7.62866	7.59899	25.5923
6.89391	5.15984	25.5888
8.60444	5.8636	23.7453
24.185	7.49318	28.0339
22.456	6.51865	26.2526
24.3718	5.08478	27.303
9.18576	2.78081	14.4187
11.1682	4.45111	14.388
32.1427	1.58299	24.6842
29.7208	1.68133	23.9503
35.2662	10.2132	33.6507
33.2234	30.4559	31.0557
32.9504	33.0491	30.5941
33.7266	34.8235	0.606927
35.6543	33.2282	35.5439
34.5023	33.029	2.26617
15.4639	18.314	10.4264
14.3007	17.6481	8.20875
14.6961	20.199	8.76166
17.7151	4.87429	27.8625
17.2006	4.77303	30.3476
17.9555	2.47977	29.3574
16.0874	9.16526	32.9171
13.778	8.18122	33.3383
23.6613	7.01832	17.4229
23.2695	5.00207	19.0326
21.5696	5.4227	17.2339
21.7432	7.15524	19.2081
21.3181	20.0509	2.93573
28.2622	8.02379	2.36826
25.6276	7.34526	2.71679
27.424	7.03432	4.63235
26.7872	9.41191	3.89732
34.6353	2.40092	3.76029
1.02782	2.48775	2.03165
34.4178	1.66826	1.15798
6.64923	13.3037	2.75337
7.63096	11.294	4.27408
35.0115	8.84454	17.9853
1.49701	8.17295	19.2276
0.741905	6.78645	17.131
29.287	3.64727	26.6464
28.0345	1.52518	25.9301
26.6712	3.71242	26.6813
26.8484	8.34044	9.41982
26.6642	8.11049	6.90923
6.10491	23.2039	31.2203
6.10781	20.9503	30.034
2.19272	5.8396	32.5757
2.08052	4.07587	30.6822
0.041014	4.39233	32.2087
2.13335	3.22602	33.1818
23.2829	34.8011	30.6819
35.27	30.2084	5.67867
1.35387	30.7965	3.65871
35.4091	32.5855	4.66114
23.7332	32.7846	7.60719
22.5419	34.8148	6.53556
35.6188	34.3672	8.46934
0.470909	35.032	6.08946
21.7014	19.5354	22.4669
23.9728	20.0353	21.2084
23.2234	21.5385	23.2283
4.42056	14.8278	9.94306
6.06109	16.371	11.3314
5.17725	14.0333	12.2843
13.3064	29.0409	18.9357
13.552	27.909	21.2692
12.3948	30.2762	21.0666
32.8644	25.4996	14.8141
33.6915	26.0275	12.413
0.738065	35.3884	16.4411
34.1806	0.311979	15.2421
0.629582	34.8962	13.9046
2.64481	2.97722	22.9689
4.75875	2.42609	24.3068
29.8452	13.574	8.41789
5.54726	27.9514	17.9099
34.7866	30.6175	25.402
9.63892	22.135	25.0172
14.545	20.4951	34.1245
14.3252	19.2002	0.789394
12.2575	19.4586	34.838
6.99089	28.1956	26.9073
6.67098	30.541	28.1332
6.39877	30.3403	25.5165
27.6502	35.3661	12.192
25.0331	34.5927	12.0833
14.6636	11.1769	16.4528
27.135	10.997	1.92005
28.3066	12.7372	0.517101
13.3789	34.498	31.2879
12.2417	35.2692	29.0134
11.9236	6.00911	12.4107
18.5546	4.39665	21.9427
17.5274	3.23407	24.1663
31.0354	34.2756	31.8416
29.0352	32.8352	32.7667
24.4507	31.1217	9.5303
23.9442	33.6486	10.0068
27.8806	8.8682	11.7627
29.5486	8.35638	9.98093
15.3683	17.3672	12.8734
25.7302	30.7056	20.286
24.3694	29.6659	22.2899
23.288	30.2682	19.9315
0.088369	19.9634	13.3002
33.5067	17.5689	28.596
32.4128	17.7568	30.9499
34.2576	19.4149	30.2715
34.8949	16.951	30.8213
4.67046	26.8009	20.0799
3.81106	29.1392	19.3249
4.08543	17.9433	4.74688
4.47659	17.6516	7.32338
6.5379	17.7194	5.73458
24.7107	4.05413	24.9872
27.4985	9.90546	18.8904
26.735	10.0895	21.3679
32.062	34.6044	14.6156
33.2865	22.1625	27.6707
31.9563	23.4128	25.8532
34.5472	23.4019	25.7828
8.80054	15.8074	30.3489
9.32139	13.6103	28.9897
2.2428	13.5256	27.1051
35.4783	12.5088	26.4955
7.4439	9.81175	14.1771
9.86435	10.2262	13.4661
3.08849	33.7398	25.3031
0.70703	32.7208	25.5219
11.3719	8.07586	32.3103
12.8929	5.97609	32.0025
25.9074	24.0144	9.97017
14.9959	4.56618	31.5682
7.50746	12.9747	0.368894
7.46815	17.2072	32.0639
11.6589	23.6174	14.6071
9.74216	25.15	15.3607
5.49939	4.87705	1.66569
3.0645	5.85608	2.17453
3.19419	3.6491	0.994966
14.2143	12.7793	2.76615
15.469	13.55	4.8371
13.2618	14.8631	3.99121
13.3063	30.3363	24.5595
11.1105	30.7041	23.2594
6.20084	32.7644	29.5377
4.59059	30.7298	29.6429
6.96259	30.4994	30.7417
16.9566	22.4159	27.3855
19.1103	23.0248	25.8226
31.4689	15.0507	9.83704
29.0778	14.5082	10.7286
17.3544	4.35348	32.8935
19.1369	4.56102	34.8522
22.7761	7.53127	23.9697
30.0004	10.3904	28.0833
33.8602	13.3027	28.3317
33.6337	28.4697	6.699
35.1846	29.8749	8.28907
33.2964	31.1049	7.08361
30.3822	13.5538	34.9067
30.46	13.7286	1.91887
25.3749	1.94268	3.60727
7.77722	0.55894	7.30499
7.85283	34.4617	9.21307
8.27286	1.27035	9.81638
0.92262	1.46851	4.92617
2.42863	34.9628	4.32411
35.5731	34.9702	3.64002
5.58683	18.2848	9.62352
1.69539	30.2692	25.5628
28.0896	27.7389	21.9069
26.2679	28.5254	23.6145
10.848	34.2259	12.0117
11.5922	32.2036	10.3991
9.04845	32.7554	10.726
10.4349	31.7917	12.6892
24.9201	26.9195	33.537
25.9502	27.4412	0.258621
27.4617	27.6285	33.7722
25.4641	29.2946	34.2612
16.9376	33.4231	17.7304
16.311	33.3785	15.2247
6.88666	3.15006	34.4415
5.45454	3.82409	32.3714
4.32829	2.2987	34.1831
17.9681	30.7396	4.68148
17.9368	30.5061	7.25449
1.39151	25.0046	5.62215
35.3311	23.5885	4.1963
25.3411	18.7618	19.3387
26.9636	16.6912	19.4097
24.4949	16.4673	18.5426
7.00091	5.9145	32.2282
5.11281	9.59948	13.1115
5.97617	11.927	13.6683
5.30944	3.38098	26.6337
6.07876	0.972453	26.1311
17.1023	3.98987	9.10168
8.4051	23.0842	14.4569
7.34137	20.6932	13.4742
23.6365	22.0985	25.7539
25.5143	22.452	23.9515
15.9979	7.02407	7.02508
24.1694	31.5375	34.2066
22.9063	29.3847	34.753
30.4439	16.8934	29.619
32.51	25.7717	0.278556
32.3732	23.8434	34.2444
34.7113	24.5247	35.0803
6.23809	26.8529	22.0956
7.55015	28.8913	21.3665
0.756672	13.1678	18.2716
3.21516	14.108	18.8918
2.8893	12.8765	16.673
2.61751	11.5657	18.8902
20.027	2.03814	19.684
20.8422	2.90033	17.2861
26.3236	2.8488	0.259773
24.9975	0.766275	35.1773
25.9193	2.66851	33.4498
21.8285	14.7745	22.1843
22.2958	16.2269	19.977
19.9679	15.3544	20.3642
20.8918	17.1357	22.0779
0.275621	30.0781	17.423
11.2069	28.6569	32.8304
0.96527	26.6425	22.6704
34.0872	26.1785	22.2063
5.96752	30.1902	22.9143
4.97989	32.1934	24.2882
4.04275	29.8111	24.5873
33.0468	33.4063	8.22666
34.0653	34.0491	10.4629
14.5115	34.8417	33.66
11.9673	34.0354	33.357
0.928461	14.2976	10.5258
2.52491	14.4323	8.33693
25.0702	33.197	20.2543
5.09741	5.75866	30.4721
7.00751	4.10218	30.3144
18.7285	29.3696	9.32874
19.6965	27.2155	10.3864
28.9444	4.03203	14.6517
28.9323	1.89304	12.7225
24.2931	13.5703	2.89562
22.0304	14.8014	2.33674
32.284	24.038	29.1853
31.1871	26.4975	28.751
5.82486	5.53964	27.9674
7.63082	3.77326	27.7747
13.6483	22.0983	22.18
15.1399	20.2515	23.1232
16.21	22.5725	22.3776
5.52662	22.0655	1.38796
4.68669	19.9223	0.189941
6.90992	19.8563	1.52792
2.62008	15.8688	20.5961
0.486178	24.9551	27.1841
18.2319	11.1182	20.3605
17.6666	10.668	22.905
21.5631	1.89019	32.9404
23.955	2.29645	31.8785
5.69809	21.9111	27.5838
4.21026	23.8874	26.8557
14.8151	26.9278	23.2361
16.7959	27.2385	24.905
20.3244	13.2975	8.70653
18.2555	12.4065	9.98431
11.3079	1.75871	27.7953
24.6083	11.1191	29.6065
7.45392	20.2739	18.7863
2.27629	27.9728	24.456
3.56473	27.0595	22.3662
20.9744	20.9679	14.4828
18.6014	21.0497	13.372
34.9347	13.7381	12.4921
32.5925	13.8451	13.6224
15.896	6.95171	16.9468
11.1827	3.59192	4.65778
11.1892	4.87281	6.93987
3.64508	19.271	2.46377
2.71397	18.0934	0.436032
25.9053	8.85758	29.4786
25.8321	6.25405	29.6289
22.3576	20.9503	16.786
24.094	21.0334	18.8107
35.6441	33.0218	12.2866
9.31832	19.7629	2.44005
9.16549	22.2105	3.31786
4.218	10.4873	10.8015
4.59706	7.96508	11.1078
4.86598	11.8047	20.126
6.17838	13.0123	21.8407
7.00539	13.147	19.2709
15.1987	22.5977	29.4289
20.3291	11.6058	0.628442
20.9323	11.9853	33.8147
22.5568	5.5621	5.25355
32.9812	23.1765	3.03072
34.3224	25.4052	2.70212
35.1588	23.2275	1.57956
22.1017	35.0504	33.1004
27.031	5.28582	0.682087
7.5757	18.0645	3.39739
9.05952	18.3222	5.47317
11.4067	9.47202	30.1603
16.3969	20.8287	6.89992
33.4499	21.9114	30.3012
4.84182	9.97058	8.35444
5.66106	7.46783	8.26991
4.6817	24.7793	21.7972
30.2201	35.2686	12.6971
30.9016	32.7464	13.1674
26.3095	20.9127	20.2908
27.5253	21.7444	18.1824
18.6054	35.5452	29.4716
0.983526	29.4814	10.417
35.3418	27.389	11.09
16.429	6.60924	32.2111
33.3218	35.4289	31.9053
32.0697	35.2369	29.5824
17.2912	28.6355	0.432525
15.9369	28.0953	33.9443
14.892	29.5225	0.388173
16.7034	30.5464	34.4469
33.0762	32.1395	11.9636
30.84	30.6863	11.4791
11.94	33.489	2.32264
18.9272	21.0107	6.19301
17.6605	18.6871	6.0818
9.7156	21.0687	17.6302
11.3719	21.2179	15.5385
0.073625	26.9934	6.43493
6.85352	23.4384	3.14962
1.79128	14.7451	4.3827
31.7839	16.9486	8.01921
32.9804	17.1123	10.3617
32.0986	7.76467	9.96056
33.1933	5.38915	9.40207
5.59339	14.1659	14.8076
8.04024	14.7277	14.2045
7.32023	14.1241	16.7615
23.2699	5.06366	23.1137
13.489	23.2359	19.8807
13.7253	25.289	21.5184
2.62968	14.9633	15.1013
3.55452	12.8175	14.0633
0.767743	16.6753	14.904
13.6939	26.8621	5.7555
13.3231	25.1545	3.76608
20.7048	12.7111	2.93655
6.03224	1.50772	5.64755
22.8257	10.9511	32.514
33.7564	0.816689	34.3327
11.4996	16.9493	35.2429
30.7251	25.9483	5.85883
0.954752	7.98276	33.3891
34.0096	7.83237	33.5647
19.5749	13.089	19.1028
17.7036	14.153	20.3884
4.55952	33.3958	4.8147
3.51244	33.5384	2.3914
29.4113	6.58309	0.645353
27.8945	6.40719	34.2271
9.5538	3.20155	35.1567
7.61523	3.34434	1.2692
29.4517	28.6397	17.2774
29.0831	27.2289	19.4766
15.8898	35.2431	0.190428
14.0177	33.709	0.869816
9.00112	29.9629	32.399
11.0386	31.4106	33.3317
17.1855	30.3666	2.34315
19.2772	19.04	21.504
25.8511	30.375	11.555
28.4433	29.7028	11.696
5.62532	30.5871	20.3827
12.0055	15.9719	2.02713
6.03481	35.0393	28.2555
16.4839	33.1901	34.31
6.04763	25.7155	27.3477
22.8617	6.99207	21.5033
20.2825	6.17641	21.0532
30.9039	31.5658	7.90924
23.2066	12.9332	23.504
22.5286	15.1855	24.7289
33.2479	25.9147	6.56252
13.7647	34.0652	15.7482
15.255	35.5009	14.1079
34.9595	31.5582	10.3085
10.0976	10.2316	4.55567
12.3414	11.1618	3.58216
12.5295	12.017	1.01613
17.528	3.78632	11.5615
16.9542	9.41211	7.11789
18.3399	7.43811	6.06061
21.1675	18.0082	34.113
21.0842	18.5574	31.5092
23.4527	18.2952	32.5724
0.06544	0.279361	32.6488
1.47561	33.9252	33.4492
2.56609	0.643688	33.0813
24.2283	33.6053	32.6845
24.8753	33.8374	35.1709
26.4877	32.629	33.5749
0.666738	10.1574	20.6912
1.7183	8.17619	21.8738
3.2496	9.67569	20.4365
21.8138	27.3817	20.3375
6.52053	29.3475	33.0921
25.3776	30.8409	24.391
7.88791	0.422148	19.8234
19.091	33.572	27.7281
18.2875	34.1664	25.2597
21.93	32.8114	31.7355
18.1071	21.2943	21.2214
21.7913	31.7196	18.3563
23.0627	33.2434	16.5855
29.1423	30.555	9.40253
32.4982	27.2569	2.33438
34.1317	27.2392	4.43689
34.9992	27.7634	1.89406
22.2806	15.8888	27.401
33.154	4.70206	31.5926
16.864	23.9209	0.182956
16.5004	22.2081	33.8853
10.2359	28.4801	10.2448
9.69245	29.9419	8.13063
22.5429	22.4946	28.1486
23.5134	23.6238	30.2909
23.2505	24.9119	28.0226
11.1848	11.7939	29.0133
16.9744	0.67495	24.5274
34.4274	24.8654	20.0446
17.9865	25.0152	24.9906
18.5833	23.1786	23.1601
26.1901	11.9955	4.00875
27.0971	32.1545	31.0959
28.4767	32.7013	28.9403
19.8277	23.0062	7.62227
18.4931	31.6446	11.7321
20.9297	17.1196	29.3407
16.5372	11.9496	6.68651
26.4069	6.37308	32.1203
3.22272	0.188144	16.6836
30.2981	15.1102	12.8702
32.6662	16.2465	12.7495
31.4556	15.7238	15.0584
20.791	29.7472	19.8453
15.0333	4.5472	10.4833
13.2645	31.343	1.47993
11.7409	32.7091	35.5087
1.14822	27.0106	0.110934
1.45621	24.4735	0.34209
2.61992	25.5938	33.9742
14.9836	21.7432	31.8511
12.8085	22.1032	30.4707
5.53982	29.399	7.71811
4.76677	30.343	10.0897
6.86218	34.6207	5.45934
25.8358	3.99139	31.1558
26.0411	8.22043	17.5582
4.81434	5.66436	9.83525
31.9717	25.2354	21.0519
15.4295	25.3899	25.9735
13.5834	25.5868	27.8262
19.364	30.009	1.16302
2.02802	35.1988	18.8261
12.5001	32.654	22.272
24.2352	22.2032	11.0908
16.4948	16.6525	7.26397
17.9209	23.7528	20.6222
17.1322	22.5431	18.48
12.2624	15.7863	23.3211
34.1066	2.32288	32.2862
11.5524	34.5532	14.5192
34.0072	18.0265	7.29185
23.2311	6.01089	2.73986
7.82839	25.5711	13.7268
8.7702	27.0305	11.8142
3.27145	23.3829	15.3395
16.9394	31.0485	9.76802
21.73	30.2928	32.5139
16.076	14.5086	28.7386
15.6014	14.2953	31.2801
0.426246	2.73539	21.7531
1.36939	0.494953	20.9873
25.0424	11.1037	22.9477
16.3255	10.9042	9.15813
7.28577	18.7339	11.6304
1.59154	29.0125	1.74949
23.5253	24.9969	32.4335
7.5519	22.5949	17.6943
29.4602	10.8985	25.5346
34.3578	11.426	18.1855
35.1874	12.4711	20.4216
7.2505	24.6434	16.1295
5.17443	23.5838	17.2534
5.62879	34.1729	25.8231
3.11125	31.1298	1.70252
2.65492	32.9857	35.6208
3.32748	5.20443	28.6997
31.9427	24.4622	23.5402
16.4055	10.1145	25.1159
23.9692	10.9902	3.05478
27.4583	32.4311	19.4588
4.31456	25.0033	31.8778
4.73642	24.3993	29.3177
13.4796	18.1715	23.413
20.11	19.0182	0.73949
25.1568	3.7189	17.7001
30.3705	34.2093	27.9171
7.80357	31.4545	21.6051
13.7736	22.2282	14.8219
16.0168	21.3425	13.8525
16.041	22.5104	16.1345
25.4039	16.6434	33.0394
20.8137	30.8433	34.8211
0.611026	4.60257	23.5728
27.6079	11.1888	23.6399
29.9231	12.3001	23.4256
29.7351	14.3995	16.4001
27.1908	13.6324	16.6835
8.70731	10.1737	2.28886
12.0114	11.6647	13.7215
9.76834	12.8717	13.8397
2.01498	17.1598	22.8054
16.9166	19.4199	12.2357
3.91731	12.3695	9.04044
32.9956	15.4583	23.8654
31.6308	13.8853	22.3648
34.5801	10.896	22.446
32.0002	11.1648	22.2984
15.0472	24.5251	1.95347
32.1412	0.229133	26.9792
24.9089	9.67324	31.7602
23.3646	8.48668	3.19503
21.5316	10.2619	2.5079
6.32709	10.0821	1.16765
8.41239	10.6838	35.4085
25.08	26.6048	28.5249
24.3961	27.0525	31.0164
33.3174	16.1181	26.3878
18.6343	32.0101	35.2904
18.5076	2.10804	3.88502
8.86166	32.3433	8.21138
15.5024	18.4955	25.0644
8.39815	33.6736	20.5125
10.3177	31.9025	21.0151
14.5252	8.96497	17.6816
11.9493	10.9463	11.2317
6.1549	13.4471	24.3506
1.8584	6.82582	24.0065
34.8132	6.77144	24.0296
33.4341	21.1153	12.6409
33.911	18.4941	12.413
33.1967	13.6018	25.7991
34.2565	25.1861	10.0198
26.9774	3.26889	15.9342
10.1367	12.543	0.303017
28.4392	21.3525	11.4178
30.9747	21.8901	11.918
11.943	14.3449	35.621
9.58029	0.329649	13.5342
32.2991	23.2279	13.6995
33.05	23.1265	11.074
35.0192	16.1377	11.6686
28.6203	21.5626	15.8806
29.0387	20.2597	13.67
1.49127	15.3192	12.8581
7.85408	1.88044	12.3519
26.7286	1.57206	17.8064
6.63429	32.1836	9.7978
9.60158	29.3475	12.6309
2.04901	1.76187	35.3765
